-0.250919762305275,0.9014286128198323,0.4639878836228102,0.1973169683940732,-0.687962719115127,-0.6880109593275947,-0.8838327756636011,0.7323522915498704,0.2022300234864176,0.416145155592091,-0.9588310114083951,0.9398197043239886,0.66480624045924,-0.5752982910602236,-0.6361313314377194,-0.6331818663702953,-0.39151551408092455,0.04951286326447568,-0.13610996271576847,-0.4175417196039162,0.22370578944475894,-0.7210122786959163,-0.4157107029295637,-0.2672763134126166,-0.08786003156592814,0.5703519227860272,-0.6006524356832805,0.02846887682722321,0.18482913772408494,-0.9070991745600046,0.21508970380287673,-0.6589517526254169,-0.8699049213175017,0.8977488782582702,0.9314523733528739,0.6171572141650299,-0.39083847815805395,-0.8051235010912117,0.36731558068150005,-0.12131647285398381,-0.756939983298227,-0.010299315671026365,-0.9319170191678857,0.8177597548595203,-0.48216644598121355,0.32557544691031776,-0.3764121118483907,0.040469605810295975,0.09348393267575121,-0.6301311116413446,0.939294562409206,0.5502823647551289,0.8789978831283782,0.7896547008552977,0.19579995762217028,0.8437484700462337,-0.823014995896161,-0.6080342751617096,-0.9095667475367828,-0.3493055005025842,-0.2226167875644082,-0.4573039030930659,0.6574189484618951,-0.28623918288914074,-0.438601891348586,0.08486289142237591,-0.719619650093366,0.6023681430350916,-0.8525228921272149,0.973766780162737,0.5452227289297986,-0.6024529937790345,-0.9913456455693643,0.6265179316428344,0.40999161863167255,0.4558834563534128,0.5428034077006556,-0.8492721723662202,-0.28075838989962437,-0.7674486425606255,0.7265088028707964,0.24669221736481362,-0.3382039502947016,-0.8728832994279527,-0.3780353565686756,-0.3496333559465059,0.45917832943317044,0.27521182048839377,0.7744456924424359,-0.055371857222017276,-0.7604121336879167,0.42830067434388647,0.5257365965176054,0.13212734207328702,0.5571906529656347,0.010950474429350553,0.08260166060050134,-0.09190192256933828,-0.8883323422210235,-0.7233218592194146,-0.8846910839603822,0.3124522420873895,-0.34407408569210834,0.0392083178753249,0.83106485032551,-0.49188229154215307,-0.17469519908264572,0.51179383765699,-0.5422341328603462,-0.8459369527154184,-0.42052872868782454,-0.6775574254919912,0.8593953046851461,0.6162431493355102,0.26684560384208056,0.742979325922658,0.6077876804493161,-0.6244324618821098,0.7914042655394945,0.09416217492358943,0.6448756090525746,0.8426648568281231,-0.28239438894368907,-0.6542648555565522,-0.35654285492026244,0.07030461216662179,0.8242327762427072,0.9029969246495005,-0.7998461059956976,0.18379967313855688,-0.016081377130110083,-0.4155191101494982,-0.6591053433672376,-0.27902068377684147,0.8928232583786406,-0.3605025568713856,0.03157257521156822,0.4041690014799761,-0.27288425135768735,0.9435679257901078,0.9248945898842225,-0.4964354083492717,-0.005406545399137599,-0.3979021739046706,-0.42894107146606325,-0.9197398331383877,0.23610501680780696,0.042774783046803454,-0.8295157632731688,-0.34097547290866015,0.9631551182840768,-0.30775554938703437,-0.42084841601925976,0.2899710032845397,1.2233873269318452,-0.2951220761274507,0.5405919987846939,0.6840432642332903,-0.3635488149004796,0.6268859435982259,-0.13326695996055524,0.31310619968694303,0.25399212077623523,0.03961833137002924,-0.8412109574544023,0.6632218462867192,-0.3593541635763527,-0.6270043987646469,-0.9184497168904722,0.18178923572284433,0.35447247302424695,-0.9674222423600128,0.02496222253091922,-0.5387435423900933,0.3137263835769509,-0.6041769582091091,0.45528068132539967,-0.12862808811484713,1.009535340111046,-0.5298664126752531,-0.06742583467886709,-0.5149995850196186,1.049994813786286,0.8946505719573851,-0.3713570939886794,0.404380462786476,0.7449484401527189,0.25766326697235503,0.18106715091252182,-0.4818848584799214,-0.8464742836853857,0.7363264049642999,0.7610153643288033,0.2519070498411853,-0.3244770370203366,-0.30171368139801436,0.45189433982189503,0.7941464270169418,0.7713876376242872,0.5521729444088517,0.2696983162361257,-0.8434391017434547,-0.6788479547358262,0.7960462652722394,0.22010805609621983,-0.9569233258088488,-0.7508758826377644,0.391193685510913,-0.8905008946064626,-0.5638001823362495,0.1867329356561634,0.41101217319626726,0.29056183090337223,-0.5641291550761005,0.4556412248604367,-0.4221192273382695,-0.26547567026116314,0.4900915170114608,0.23796251664049656,0.6192740606268274,0.2607800964361859,0.11434771962715158,-0.8169702010693193,-0.2646640849273218,-0.4696706201661008,-0.5127825331267125,0.9388769540660113,-0.2335915899548978,0.7455059842267862,0.21201791365008796,0.5309276024379362,-0.07577882884366771,0.05161338329513003,-0.12783126187692825,-0.721722729112105,0.3236171240280135,-0.5345290673312443,-0.9974928796566561,0.27916634373909416,-0.664476356989782,0.815353680511133,0.8429554470278746,0.8175378781919783,-0.20408220602733138,-0.929324466747663,0.8124667957906593,-0.22473700211288872,0.8538109189657189,0.8719526968318283,0.6788033123067125,-0.41644668517468314,-0.22987002367817225,0.7022412207229268,-0.3669997438530342,-0.6699177449094514,0.08878733864148391,0.8240281182593838,0.32083154446772016,0.04148011778244145,-0.9448244245880576,0.03789379960871135,0.7583577755815564,-0.9226369621636739,-0.1931190675336421,0.5272670768833069,0.35227194277379287,0.38588322940830255,0.43052244560403546,-0.3000869990907394,-0.4481714433355832,0.6082838083550175,0.6431314991297994,0.7322900542913484,0.7693077861153684,-0.042210529324422694,-0.047901114439079,0.560807467343821,0.28137996168099283,0.40028250180305786,0.5914457512249518,0.7799817131515752,-0.32489903522234986,-0.2552327790970071,-0.8291387033458195,0.11661666235833724,-0.9930841110998959,-0.1758264917242944,-0.07541885804113636,-0.6310134864355327,-0.025655933717452,-1.1300485281625543,-1.1617838135738074,0.4200234420368507,-0.33982795638815166,-0.6373827016495309,0.1680438072326286,0.5665707524872308,-0.5901331834784492,0.2267770729738865,-0.8375396941911194,-0.9172288753042188,0.02409749560483147,0.051915189233590286,0.26468856310281963,0.4449912526336012,0.9452848688464119,0.031539693086960655,-0.3541209012679691,0.5903307843826707,-0.45875282017123203,-0.12526353638212168,-0.8530045358217788,-0.977058139661971,0.8694066163056199,0.5720347348151504,0.24692151646983798,-0.35441784763565093,-0.819909675810704,-0.848577497551737,-0.7006810924596161,-0.061319158787497614,0.45088381903303715,0.4957029652376565,-0.28967281570458303,0.8901416089646498,0.4006294812613487,0.042810109384078074,0.17396189041084525,-0.19756897501549553,-0.5249169815578932,-0.28637807977594215,0.5319632622499717,-0.9652745626188752,-0.7697763068945166,-0.9084556018483765,-0.9185352666188501,0.7109034620460198,0.407120161567679,-0.05364368362117278,-0.8113802988995814,-0.037237580510452936,-0.09722712171959455,-0.7360307549834789,-0.2465746098202337,-0.32967402458223355,0.09729255416436423,0.13521012249758685,-1.0523651975985735,-0.3468609414934858,0.3180936911671394,0.18833937872912748,0.795566851962192,0.21569162946614856,-0.8109774146434312,-0.9727670221344695,0.19322716756310085,-0.9967303696641073,0.1570604672156088,0.8991386977932547,0.17712347580388788,-0.2142817596872068,0.2858881821296406,-0.08328287465024839,0.09117998605701241,0.8829314358384542,-0.22787654068551388,0.9211839136515932,0.8046754917581089,-0.6264901886195379,-0.8960502570612058,-0.8635766825129659,-1.0415261769264377,-0.885390150392147,0.2752722008857473,-0.9532081849713975,-0.4542572420757926,0.627807195862402,-0.8673309306925013,0.7776459571629591,-0.41444859962046765,-0.9040480733517156,0.2324005046094836,0.135431133020726,0.6482906372751354,0.40945134830816254,0.5949390132715103,-0.41188749164319266,-0.6179997670402223,0.5098138723978741,0.6132745045818057,0.9815843013972367,-0.174500115428906,-0.25596400287995974,0.5527839379675318,-0.31890273543974074,0.8561490700458103,0.7024307788623815,-0.16612902628742157,0.4552680029637373,0.4647307555798996,-0.8095317580950888,0.7901185798597953,-0.024294980972845468,0.5952275650861786,-0.38390838318681364,0.8975707991654971,-0.0888408874090387,-0.9744153030714492,0.6649527297230344,-0.9384207758107241,-0.4367686145691902,0.8266275515580885,0.8500595166522739,0.1373097057378395,0.27997177911264737,-0.08386740599332809,-0.40634922225921116,-0.3433188708956645,0.34665354076855526,0.5048168471876621,0.5831578980536439,0.5792248815215566,-0.8175765166013046,-0.014607585069802432,-0.8890703859896697,0.09202484384137637,-0.12795103545058842,0.7796724187329943,-0.24827397227050232,-0.6911658456913898,-0.6673684969926945,0.5336600267384202,0.28631040690479986,-0.659322416996807,-0.7288383450149187,0.342944510132889,-0.9823743104012413,0.5817394276395487,0.40510610479454096,-0.8474442558237313,-0.8425901535526649,0.9703453074628582,-0.24194609105101797,-0.24350685065113284,0.6337877701117139,0.8962105525958513,0.9742775764629829,0.5069113094647225,-0.24748158477916038,-0.832991252068316,0.5545875503152938,0.11681303693262252,-0.1461725925182698,0.8330965964894229,-0.731014362460025,0.05594385699354444,-0.8731528322739869,0.04766198347353412,-0.8010352956455369,-0.6868484394923008,-0.6928326991349714,0.3824500958301222,0.4960605571509354,0.049908138424538055,0.8189290282765672,-0.24665098590955448,-0.3647377160271979,0.7848243381210115,-0.5178894336534869,0.9510540547731224,-0.9541187245432527,0.9599263490365927,-0.8998292915989284,0.7879328855443712,0.05797214664626123,0.9862380582089071,-0.8524068705292023,0.10773726420663798,0.9387327637788232,0.0486553129739549,0.276197267936801,0.4518570983443505,0.019350127906998516,0.38874369609542403,0.291501256319689,0.893934967440378,-0.8224285726996288,-0.3640250248608139,0.9377715539314244,0.7970558145952782,-0.12250650664828612,0.15085517501943754,-0.4834014652566837,-0.5572830629445786,0.030912197971142738,-0.2017290650431817,0.23480622212818325,-0.7931427564676354,0.985194659241193,1.001633823202603,0.4183934838756567,0.08274211960118978,-0.3783412661709748,0.6278829320852781,0.36943161139566344,-0.6747538010852383,0.8221727357186073,0.6502145852862601,0.932405602335572,0.5562755628676033,0.394276893609397,0.01751096092681385,0.9997526286305848,0.8434285046900617,-0.785791592570479,-0.8573451301183248,-0.2077994096659292,0.656114835408046,1.0021620689895792,-0.6826613733492948,0.2260400692930481,-0.14954507752377094,1.0509155012198532,0.784222612837768,0.7584323584319381,0.008692896363593085,-0.11021080803180788,-0.3994961013029006,-0.8486548753918052,0.7453917506483156,0.6273494472698223,0.9996574661020399,0.9932742012780789,0.11087100415124572,0.5392223038030343,0.900278852155615,0.7484689172113133,-0.3755254409268371,0.09563777910853236,-0.531546905790834,1.09277795713271,0.4120527274287664,-0.3525776297053043,0.46384215556587577,0.31469889315389815,-0.17739881532039306,-0.656343244883606,0.4341485788475986,0.1258209934598356,0.6402882089164671,0.16046134799045292,0.8218208911318444,0.20625208841042852,0.21072031976279942,0.834056566385528,-0.12371674903198607,-0.6845619071125179,-0.9243944693732788,0.5126411234801401,0.240736093581851,0.40815953619844714,-0.5740122095492118,-0.7248643852714751,-0.9524777474212156,-0.2364394159845964,0.31146132906431695,-0.02313340526604404,0.09435433307982695,1.050995893947118,-0.025592020459196625,0.26602337005124277,0.7275765255268585,-0.07035570845221906,0.3898921570423291,0.8731483720286337,1.0169639628466076,-0.5882089941319885,0.9561836957386943,0.10736485900687384,-0.3544160702647404,0.028613097826614454,1.0540882267261211,0.06994739205173288,-0.2759184945929908,0.308507501782312,-0.5055374418691053,-0.8460529959930857,-0.74223499993064,-0.7439061282056016,-0.6960452164461239,-0.7191740195270842,0.3021698583074094,-0.5740464628043301,-0.18722527188469312,0.9695615435378159,0.16566964664190348,0.5961851142011452,-0.3704506644547253,-0.3879638572723543,-0.7612592939365217,-0.5168672940467396,-0.3020613984881579,-0.5172265036532709,-0.7078900578364639,-0.6550261357383333,-0.0044717999276718415,-0.49613470496754364,-0.17084750749936867,0.09195254678252206,0.45690716196572395,-0.8556998193195559,0.6437413591342955,0.2806958474488101,-0.8277198582597718,0.7484125588393407,0.8417453226541546,-0.8778419549701343,-0.446238579699561,0.6143542895951719,0.509508539708454,-0.5878488216667668,-0.4904688660952038,-0.12033025462518654,0.1371613643974156,0.4095975535978848,-0.10301610382737442,0.023441757850909895,0.5518264115690786,-0.8670109585227832,-0.44757705036010825,0.45300605768388835,0.8107731640469067,0.040051295249824544,0.07012463442398788,-0.7567323774791661,-0.0597310630437563,0.10983005735536386,-0.4717610467195894,-0.4255677142286052,-0.22330414526695383,-0.9493247644333391,-0.35296315404493106,-0.5768298390651374,-0.3450043327078097,-0.7604757363614976,0.7810545614797899,0.187770003451015,0.36200128129112674,0.5949282683238654,0.03428905571697949,-0.770798166663963,0.12426543984493482,0.19182669638436936,0.47373064876624266,-0.19659622893640072,-0.8271153465329362,-0.5189844564778348,-0.3705852841679622,0.1897881494578915,0.06343357365497643,-0.3475760091932584,0.9156611661147863,0.18540005701848186,-0.531411619234531,-0.7959456459712337,-0.684547948552225,-0.49721110753016273,-0.6729861362220148,-0.6246465048146445,-0.4293247602921501,-0.6530584657296395,0.7935308492528503,-0.8395325086767156,0.04902277914050934,-0.17909442581232718,0.9655949596760217,-0.7737442372942733,-0.2034597351318707,0.9212414677704739,0.6705656759582274,0.5353298458598121,-0.6109685278471084,-0.8016794385900008,0.1881174928256397,0.7089841780386734,-0.031065507405697128,0.005014273508676359,-0.5625622707410074,0.4364316500417111,-0.6983002518704399,-0.3919410671429528,-0.17277975280334154,0.0005532619015303196,-0.5200834806428024,-0.7697766422090607,0.2216743841649592,-0.42233470792915984,0.16270199682598546,-0.6912455166853706,-0.03771979629036504,0.06517886510317172,-0.8963529263551462,-0.3267943655859014,-0.7314831258410858,-0.8755657633278819,0.9698177862357894,-0.3864436229519248,0.5587318065637689,-0.5698376122106523,0.28050446252379485,0.4421087700848752,0.1185323445744752,-0.1292883619474539,-0.2604190098767582,-0.3976537594079256,0.760482466944326,0.5812676297320066,0.8795230066851872,-0.7747951439345996,0.448722163308829,0.8692981443032414,-0.6407369211298354,-0.8679443308806244,0.4818811743867293,0.1487595204191597,0.6836587075061176,-0.7204538264722377,0.5905346237197804,-0.5967453599045109,-0.672688114268591,-0.6714684041380141,0.629140534756221,0.32918822713288587,0.04089492905045679,-0.2984860276930638,0.7258763339811245,-0.2475947247522444,0.6026699598375984,-0.15092659348367907,-0.27769414150779587,-0.10949871400870674,-0.44036744115248744,0.444271224913941,-0.04175352793588774,-0.5709352514167547,0.7757885496486592,-0.24413218106473472,0.0817331681591172,0.8104706542088672,0.2471034757838252,-0.7666215533474817,0.8795137325815153,0.2554160202336067,-0.3302343338325082,-0.7214558546732255,0.588050378540592,0.24014551185702704,0.06692218395264304,0.7877851661019153,0.5771944224490615,-0.6967962975029969,-0.3771519026667693,-0.5042918553753893,0.4864223638190568,-0.9344922818175186,0.1374216529224732,0.5202622981673014,0.7482146246913384,-0.3213254231615637,0.6357748617571831,-0.7883601361250431,0.682960471855008,-0.7531433257573228,-0.2113257332407146,0.5915958439772474,-0.7012937106787489,-0.5420331394635063,0.44429029464047903,0.43990195726731723,0.2822701770397203,0.38789688893420005,0.08544888669519235,-0.4964018821860945,-0.3086080129921611
-0.6368045663971487,0.8169011226672567,0.16678358953224093,-0.19829716647272022,-0.07598839271173463,0.8945666792236306,-0.6932971937678396,0.17245966403359447,0.011777357768931962,0.22290847086929566,-0.963779632358319,0.744247817888303,0.8642382293232039,0.1303024442907843,0.3933377391954707,0.8450002661646615,0.41447726862679724,-0.6949219141714773,0.15257672033362635,0.2134300927657118,-0.15173865739522796,0.47288847124944566,0.8687340295380297,0.8511370258135527,-0.09832125719173579,-0.7735239083184895,0.9696823979246691,0.6777961728918682,-0.7506746375934663,0.8416837652347446,0.7397927241242566,0.03767611425214423,0.1825504999440185,-0.20199569927771854,-0.8904770662946488,-0.32959239921170974,0.6059019874130215,-0.9905759171134652,-0.33293140064464133,-0.2037345222886209,0.07465691199010793,0.8397547234617985,-0.30814795471366274,-0.30761628241955713,0.4750700447380539,-0.09556571282002008,-0.5509065186667789,-0.09521584863023588,-0.7183110396444329,-0.6472268298776184,-0.0032649748341630424,-0.16214915422214973,0.8296918021362001,-0.2752122017667338,0.1611767005560869,0.26452857583906075,-0.9738110868233327,0.3270747440334212,-0.6439282212879934,0.9221406356676964,-0.702669619218537,-0.17074730466360835,-0.8291420911818572,0.9942188931902537,0.005326031898386379,0.1924223005969558,-0.8644066920512594,0.5024825109910865,-0.5768884088412721,0.7992393349530346,-0.5886103255549294,-0.6197622425049067,-0.9266753269904656,-0.053426586353097334,0.13171711135300804,-0.8678001065662636,0.5511216859860995,-0.09354828581383862,0.048694661805617115,-0.11848936661439577,-0.19845548280208986,0.11928198719374533,-0.689519508138575,-0.6361437390094578,0.7235712420270346,0.8922309242672655,-0.25340027593985864,-0.458515399838933,0.28801696331574955,-0.18201519680308853,-0.9474402511879847,-0.6829916221175147,0.4404365195296722,0.33219417207296725,-0.9212544383237036,-0.5180261803360215,-0.4925189869951802,0.3908212602306772,-0.9179377511961312,-0.7642291155408049,0.6187395352063676,-0.6198615985869501,0.3289392473067321,-0.5071963311143165,-0.7923158559914568,-0.5114875636517507,0.4441641206787865,0.7112421339988045,0.6603586108770724,-0.2056285821996269,0.3361744969469054,-0.5900314091683581,-0.4137045394779735,0.7926717800529172,-0.9740561237202726,-0.8289737465224232,-0.5838340068418155,-0.9421167900891073,-0.6255047948978336,0.18810749573212884,-0.11935105356419415,0.8478493738142022,0.7269275962339774,-0.19832439589088327,-0.35956144026454795,-0.13768926243767107,0.24396695295844006,-0.4437836775864878,0.23485932026637787,-0.17898021041233939,0.1395925613561778,-0.09016569598542752,-0.3888345333995006,0.9005608149061006,0.5217764195515979,-0.725332577260696,0.7351861177513557,-0.025583355162315823,0.7890433007343092,0.5997131453543195,-0.1495729910615331,-0.9550613833597652,-0.4626440331242497,0.08371827750032829,0.2706202670309413,-0.4675040109813196,-0.6870587191372531,0.7244482455228729,1.0543350986099667,0.17824789199427934,-0.4921653949078618,-0.2797519645997044,-0.7993769605621354,0.946828321763531,-0.6937841701883681,0.15962940415038376,-0.48250690830776377,0.09905304796159736,0.3481306054902229,0.7154933547962882,-0.5394317473616232,-0.9508632335491362,-0.7222395070588917,0.796443291818183,0.7453530305108038,0.19452872900189538,0.20098973405704004,0.3300777685984597,-0.6492574427531008,0.8288243620623653,-0.16235895477170015,-0.23198836790567545,0.0465098107521671,-0.8796310581180208,-0.6171776070411203,0.5587638921958538,-0.7162955117741526,0.3543693500939432,-0.3580472497388434,-0.08237459882246272,-0.2896298974510856,-0.18500534085635992,0.49209568555374,-0.3951111054619572,0.11257983418389136,-0.008082936736655943,0.4113671074841269,0.9503097810478988,0.5393128705121186,-0.5117690294676133,-0.908110147447574,-0.4677026927731448,0.1901621242367649,-0.8980312612919886,-0.00722662548260393,0.19367027696380149,-0.3315122195075651,0.541834162393988,-0.7865547470014539,-0.8474899890716268,0.46671649274609983,0.018295863160946273,0.4286963635222996,-0.05162144167041826,-0.40902190264042004,0.7312195412350264,0.6784803552163498,0.47720917584398465,-0.35702873143785213,0.25187696976332896,-0.2739581739888151,-0.8693748441552324,0.7929518322357677,-0.6530454050943489,1.029243160311056,0.004544787097971,-0.5235437165450855,0.16968535600915974,0.7920731893305624,0.4816481900858235,0.6152642826545544,0.31590100227250306,0.38420176796261535,0.6984577465612157,-0.5006639464660417,-0.021185461658604784,-0.5575220057592218,0.9772145116261771,0.8967367700679583,-0.9008620330401144,0.45026394741958864,0.9080814856307899,-0.569999967054852,0.19973768387851834,0.8960464864601176,-0.8393217150198579,0.48834232258754673,-0.3596858599425881,0.7695015690151132,0.7779153342249059,0.7849925277982159,0.03197138286909044,0.8917188453846148,0.84096783087893,-0.23309904652316984,0.7560584360796049,-0.8700729692432385,0.21131482666807422,-0.5379423740906656,-0.7605438569353695,-0.8467845382559418,0.392636885815626,-0.32025910707869154,0.4494637933400142,-0.8700211289056903,-0.36835947648112033,0.08466074733454292,0.5954124082445302,-0.33133383455508447,0.2975949468647605,0.8257529855038785,0.29158383970602786,-0.4685667445750324,-0.873768585918109,0.8145476287464688,-0.9438544467669724,0.5970611567687074,-0.17711563117004772,0.750456074417161,0.7245241095872551,1.2037852925043235,-0.1298102307432219,0.661774597740106,-0.0988266676181772,0.01678923872110668,0.276673408242834,0.7510604645376424,0.9681108225684073,0.5363066356356216,-0.16440505191602778,-0.15730100146675158,0.4749446475069308,-0.5235676442186739,-0.7797705400090099,-0.2890162018733144,-0.4160867558596696,-0.37867628922044255,-0.4896880562454618,-0.864839944477716,-0.9159038026931794,1.0104930789538544,-0.10587083438297216,-0.18034436395202705,0.3412604662244995,-0.7517916465304674,0.6453875036787088,0.48614276185708627,-0.6280518277361854,0.06285278334254986,0.911722683529768,1.0009167041416283,0.020984073100155473,0.28021150186055704,-0.6414550849495848,0.9887276489650779,-0.5357352604303613,0.8852853465634143,0.2992832104857749,0.21545546413162484,0.025152133281192965,-0.5394596639010572,-0.6485529043121461,-0.560127773261529,-0.6196745748369834,0.584533178410978,-0.25907609540367676,-0.8413992275971061,0.9645487504390552,0.7723790933197577,0.8751838334054327,1.0418185884051172,-0.6710778833177411,-0.4170384565115801,0.287815952339115,0.3808266468502799,-0.465661962352512,0.8289627760416513,-0.41891665382720167,-0.4600924103734268,0.13873542435268058,0.2264126499467011,0.18085943435696283,-0.8100165087245472,0.7566155980261433,-0.4686997208765903,-0.7409813067599428,0.7774959222613158,0.9112191391263479,0.7240043838929098,0.6180117092613666,0.3098880162348796,0.1087834990770252,-0.8043441355689995,-0.14776284313385954,-0.2203597702442577,-0.4657600341368751,0.45668941843386246,0.039155380384843154,-0.7575079191939267,-0.5654371128677971,0.17586240795512542,-1.003153954630093,0.7584316823726829,0.2010183691017855,0.11804148410064616,0.28269202640968155,0.713644966384556,-0.2583335052578787,0.388964995972135,0.15234602440523873,-0.45601518610499403,0.7597066128866091,0.59538814937285,0.31695415393582893,0.7011552132703789,0.7345777279077199,0.41648578825016686,0.6736504015484631,0.39418341172075194,0.3685990862347146,0.26177342376383717,0.5430082871807929,-0.6443751312189818,0.7870010532808621,0.7883394089825041,-0.8289958403940368,0.7821121944216317,-0.7253552987221555,-0.467298680916354,0.40463121392592405,-0.5681153031254205,0.8174632151188183,0.780988972701086,0.07492878322861415,-0.9511304935860718,-0.39542877206466126,0.26314284542189803,0.9862315291134884,0.27697248402193403,-0.47620280104695206,0.2699001267522011,0.08035429339791517,0.5596867388345723,-0.7859949434088856,0.5220380309061218,0.08231558014923658,0.9262328271710722,-0.3041799578808727,0.295643959515438,0.9102049886883643,-0.7430648572617764,0.9221571802958133,0.46836779579671983,-0.6855224246712395,-0.22292946639818376,0.43782227445920113,-0.9449440030153766,0.15701055192501423,-0.16471100619620385,0.39967024636868226,-0.8205908063790893,0.7736379581004988,0.9640600747245196,0.9622689826007502,0.5306538708669666,-0.7113585011722587,0.5338105362934794,-0.944686576971233,-0.9541651834970233,-0.35275507517907545,-0.022714962235508587,0.5409154297302639,0.3666192254781169,-0.1081878777634159,-0.4504668959120423,1.0120270165376912,-0.10624181421608823,-0.03615457696162114,-0.6069117162359706,0.6564052556542394,0.5046498790902446,-0.3720499038351324,-0.701219132142878,0.31583142860747004,0.24735454934152387,-0.38659608976775145,1.0472313362283128,-0.563684491519033,-0.0687667363586023,0.9109645340769014,-0.13950265934198833,0.3104544153755362,-0.16306315867535004,-0.4152705237352551,0.9908692728888985,-0.17272764543824765,0.7902846687418544,-0.5397909648172693,-0.5737906859959274,-0.9376869086596388,0.3034691977945642,-0.2622861807777037,0.7329328784276898,-0.03177689375870205,0.9880202889520885,-0.5542265713343182,0.8186551125780643,0.6477877684375781,0.6712081485929853,0.8390991667064392,0.5600589311157905,0.15437084851280858,-0.7811773807527075,-0.8223172156689624,0.9750849045290233,0.33794372355602803,0.6588639621907904,0.0018211112370039367,-0.727919832435043,-0.7039002979884704,0.4221719094566378,-0.0933888905631952,-0.567927476727955,-0.0010494371122255876,-0.8684341059499266,0.16401762327007086,-0.46201319112980466,0.5951326324364989,-0.37886258588694627,-0.08677381927283337,-0.9683511515555105,-0.8281513948408842,-0.15877327530185303,0.044476744020817756,0.31273541851915043,-0.27045911045021237,0.5462964130264101,0.850267616181266,0.5483949771972807,-1.0250388219036195,-0.07101678085144028,-0.6691289429453737,-0.3905185083817195,1.0529763460402384,-0.650066226123291,0.04618128453910556,0.2831837149473214,0.4620914901816549,0.18268750020897237,-0.9277820114679665,-0.3132701998358609,0.05327693972151608,-0.8205980723141492,-0.29841679071484467,-0.9335952071518266,-0.8428431473813085,-0.20555192182498105,-0.7297037550992093,0.14834070178037326,0.40823018767165065,0.656435590467974,-0.5001312678463621,-0.5158953466404673,-0.6039022638213477,0.4547431400181584,0.5215503111347503,-0.9730845172301327,0.7538573511599457,-0.9244034699315751,0.16421001565578117,0.5085901281250195,0.7917532436751934,0.4682634857540575,0.6464642605277966,-0.2672245573943504,0.7008872192561184,-0.7669333077850997,0.8433754321744186,0.12506388740336916,0.644960956639062,-0.09421835837310398,0.28725607342268505,0.05280291786337084,0.4631615026510896,-0.8362148494705264,-0.873156615252193,-0.4900272726458231,-0.6532422103668329,0.7894119271016188,-0.4624812937283808,1.107767986371151,-0.13079898500801762,-0.4606849587833262,0.6489690560607223,0.24612476483210807,-0.11511741579387529,0.09664634342037347,0.4928726898281918,-0.4819535877817239,1.041113827472598,0.9941662595348797,0.3601752661312578,-0.5181666238590459,0.4541416230130202,-0.7758193293814089,-0.8901021026158854,-0.46027891320325554,-0.06621847506530855,0.7378472057899145,0.45432654421953506,0.4854130423999621,-0.14901129047096387,-0.3076948025371243,-0.25263565801165827,0.9911321460570088,-0.8921599727367043,0.7760013562095233,0.24410455891664834,0.019151388610388974,0.6169410258347273,0.10414316307046302,0.776542844507771,0.7222700063955513,-0.2217398026611464,-0.4196667048687474,0.2404444021256212,0.8817791820417692,-0.4934484507021906,0.3492823428699611,0.3827011723031964,0.591431459430533,-0.6308092535045954,0.5010121851140751,0.8570360244008011,-0.6190429551887376,-0.5172313028625413,0.9438811038907116,-0.6380490873795353,0.708752625540171,-0.015443917785195594,-0.5051855824341488,0.7451377554765575,-0.09698742813026033,0.05323308097176544,-0.2394517748268309,0.26637426251173263,-0.543715347324765,-0.0689491093927795,1.0557713923892302,-0.4338012534262683,0.2905082696435611,-0.3440658451073568,0.5914158333982085,-0.6998186192642899,1.0020574451428534,0.025900516168622545,-0.3910445988984707,-0.7184878500250268,-0.5436161108311587,0.12022706391415876,-0.27619727731374616,0.6858377974856006,-0.12314412894798743,-0.49838970351155487,0.23505969979899635,0.41355443530139424,-0.6659331966096189,-0.6647667210230469,-0.9263965043665148,0.47516283218318933,0.3356557228043372,-0.03557084931197196,0.7207816085591748,0.6800479144635739,0.28509627161350676,0.875473667133571,-0.4539878149891771,-0.6906608127059488,-0.4431189903445375,-0.8617304211678266,0.07269210277921123,0.8689579413198799,-0.8851565444039015,-0.6711306363196909,-0.010431525776399322,0.9351967353107512,-0.31322154086988074,0.054634550664052366,-0.8884552279815294,-0.6869297985536968,0.9788334214911719,0.9306882231352351,-0.9901991371749775,0.9036235736720217,0.2782398756310007,0.7358365890400442,-0.09045403498133905,0.03267060639607376,-0.01767190125632734,0.34171336951183007,-0.702364788572113,-0.8919677253576639,-0.2946252947819155,0.5356259900900525,-0.4850794247987344,0.39168875720395185,0.9119097722266347,-0.8397836699008939,0.3012544534439549,-0.16394116337439502,0.7119792827941035,-0.6311040611837381,0.40171695118634043,0.6851325489951939,0.8979974005685766,0.3766385572126377,0.0034752056508774295,0.24144704783831364,0.7396539277446147,0.14134067869499492,-0.9392889488783412,0.8618973910139556,0.37905350206312227,0.353026771554493,-0.5686432194938814,0.31844474425294617,-0.21022969117530482,0.30440599966291365,-0.7805699396705932,0.3370341315206701,1.0437378673767677,-0.8297806715397231,1.0318437455500091,-0.13047194262819994,0.7617698071034651,0.5712448746981869,0.1214648668542967,0.4525701516611282,0.7445243572838507,-0.18575944659173496,-0.3381848406207151,0.3378133079110111,0.6180608781556947,0.5262968220434819,0.5970270963957872,-0.12800774306769427,0.6362941702263911,-0.7595348623968046,0.0889710023591685,-0.9884826790037569,-0.3508283401994594,-0.26707693025720425,-0.2076544753741774,0.39077994488469414,-0.22292647292220868,-0.10167159357076512,-0.5226210148974705,-0.24885043093394293,-0.5342684853798879,-0.8319375386099387,0.23740830270563634,0.36624054335527,0.26865447097414547,-0.04287551490168596,-0.22314959632278475,0.735687491051256,0.04308907111025461,-0.034689986974106926,-0.9409801765223923,-0.31466532411738884,-0.23798297796281428,-0.2014782661581228,0.16078990853535247,0.06732105476826286,0.21583735563853104,0.5297668389603475,0.625971816404738,0.4362461524529888,0.9110473919098694,-0.9635348346472767,-0.6084440286329078,-0.9848688105881999,0.29498116902807786,0.7961152638635784,-0.5129317143342816,0.8546725485699286,-0.8782257931491823,0.8697379739701387,-0.2942966959941527,-0.7913610476163125,-0.020816569596861057,-0.477609309048157,-0.42473091318358647,-0.38379392201536133,0.6062968109984668,0.07995817633763534,-0.3750924689111205,0.22144045707964866,0.4322992529322846,-0.45485175210663786,-0.17298393480479765,-0.7562175179892534,-0.6377001874537569,0.3622357138734986,-0.6371233046087461,0.05032676733412034,0.41809252344486536,-0.7862461538105123,0.1346244392578071,-0.4868744325972725,0.9258537999946811,-0.03290780167833905,0.6120045478305152,0.10058113224708366,-0.9131158664025374,0.26621522695291394,0.9026800752265364,0.20313938003950263,0.6383733436218781,0.768519121146555,-0.544139089175456,-0.5762834380807905,0.22151460212805535,-0.17842866611817473,0.6794670653297082,0.7999719737471438,-0.2931738925868046,-0.526278831861554,0.561013772649068,-0.45039442349207875,0.6452286370273568,-0.15252349270247434,0.3350997985829409,-0.8089293723306636
0.24771864935314603,-0.09646464252554177,0.1732169263509482,-0.6639715845102732,0.47374748988836424,0.7255941550864571,-0.5665203998184487,-0.8085708889596765,-0.9527228279073272,0.283943000886532,0.21418807217756153,0.09339482542814004,-0.5361020770679747,-0.2181921423498339,0.18893897936757464,-0.0064668527401933705,0.9755710404297746,-0.7271204948865337,0.3902891080951876,-0.19136246379141575,-0.14360077014877048,0.43519553131635247,0.3848723026487393,0.9825119874043766,-0.7432114210917495,-0.7917807012316673,0.4486776342574823,0.1567738340128182,-0.45167866688038827,-0.8411612620220268,-0.8286835008071389,0.7883817493282366,-0.6162653041726605,-0.3532598440364436,-0.5467954598740742,-0.2902464454370084,-0.8614735361788328,0.03805512919117115,-0.8644026951945033,0.6011646690710193,-0.5327010551704758,0.07961709553846126,0.7599358564399951,0.3012539460396411,0.06510587483554096,-0.3522824384142142,-0.33447640714601656,0.3384899560051998,0.987847102338336,0.32325662700691654,0.11539998247676726,0.46123838647183596,-0.0695887754325637,-0.8797153147984296,0.12459363175581961,0.9152505690107604,-0.6493941152846807,0.3800097816413315,-0.5981326014690865,0.07165219821843107,-0.8067513645982073,-0.0993244735531255,0.5119698529616925,-0.306486492383993,0.32723893684989136,0.5872503754355578,0.8503163704339447,-0.5363185416514062,-0.2096977565497809,-0.7048131365227169,0.9717919004170891,0.8389006572882106,0.06586318158372954,0.6708959636901293,0.030413552201559075,0.23713362742320135,-0.8324781603715886,0.5016685725245761,-0.7491984423422582,0.6507799209821011,0.5634326377502459,0.41720652315373324,-0.9276792389504758,-0.3937432881093428,-0.47377486017831427,-0.2797271850569618,-0.8247154566088158,0.8738924014215305,0.1075928049418476,-0.3900833887850795,-0.20872605504968147,-0.11145267730334381,0.1912800646600967,0.013302116620221387,0.8119266163314579,-0.04532152545749828,0.9338755559492756,0.6417903498358491,-0.6508158798025112,0.7869928921576411,-0.8457209794215024,0.5518090236515861,-0.32044359023930485,0.6854390807534977,0.6859733011845169,0.5837559476967886,0.570337863926865,-0.3915661756349247,-0.8384712075004306,-0.19408511785009697,-0.6528973075807778,0.3899021778049234,-0.30780054692442893,0.951214518504461,0.2819325906844537,0.6449251565225749,-0.7352482765549814,0.721207417193137,0.8386207969193227,-0.0403324073428927,0.18677309670991268,0.4896721896928474,-0.7079224854134745,-0.07375947813567627,-0.30150967880594687,-0.8233074320369884,-0.3917901852064097,-1.0098503857400467,-1.1136858243883918,-0.8990202527082821,0.7653725301870233,-0.031338822414099604,0.8577405714539447,-0.14814676605634708,-0.3574787555629477,0.033849848573756766,-0.11010183282916364,-0.7858461217150551,0.2822974936880412,-0.56790925135069,0.23917590979565917,0.30040218479630676,-0.695995028901577,-0.8773826453103811,0.5606654013758098,-0.08506094928155097,-0.89419334849519,0.9663021595483019,-0.9244303210577149,0.3329494600368795,0.892988727500194,-0.6136992546295699,-0.8300677815735859,-0.8986427829166914,-0.5642711522101777,-1.0080202498468298,0.1593598655919542,-1.073553670169915,-0.150928734745244,0.8546223189458858,0.5709634792622209,0.2750078004776972,-0.29689144168818865,0.32997120796974505,0.1028193155680687,-0.13153376867058472,-0.7351260493241044,0.7732788055914024,-0.10043070235735496,-0.6107572312574434,-0.2642216265201512,-0.17198726776465398,0.6540840913363205,0.46641157792956534,0.5391767598667557,-0.9869699730367256,-0.18928433047760485,-0.06407408509793978,-0.9809109291225139,-0.5068848627648425,0.4626896803689726,-0.842149110018201,-0.12349931390675518,-0.8153079587187121,-1.205396662982285,-0.6960711353759703,0.8012139956753029,0.491442993200189,0.8873791787290568,0.04830765209626865,-0.6485130801278165,0.22591727046607202,-0.005750678949485904,0.7207069019129673,-0.7962751976087459,-0.023258934382197935,-0.6998763172403402,-0.3503991380707824,0.4763362578599338,-0.044016167245508754,-0.23900757673059664,-0.18848519508736158,-0.042952138003474694,0.6112897907892512,0.822430486660706,0.9759893493853339,0.6861892458148878,-0.2507461612037423,0.4221123580662591,-0.20262323041351304,-0.6862531520835848,0.46234606593758626,-1.0412421500810862,0.7692602552546332,-0.09532588333627441,0.24824536049911,0.3298339205542757,0.8795011186076825,0.41607662312436255,0.3801479041685055,-0.7571123927482203,0.08758260003366289,-0.688710567424951,0.4752315882126558,0.024549131802320157,0.3611341112980651,-0.9133875304101949,-0.8224105732967133,0.45255017077738396,-0.8104669256148934,-0.7827144596540382,-0.8754159804329781,1.0307332911516858,0.6485223612114319,-0.07188327704345489,-0.20033867315949697,-0.21844373875058024,0.484583959118623,0.18975677204442873,-0.7057088921165527,-0.5952307052215087,-0.6646480460071037,0.41771274616912624,0.567257267445671,-0.4123929054837129,-0.851483366879318,-0.6960265813115241,1.075791191144243,-0.3065074292774222,0.5887445653379555,0.2601210791057517,-0.23587785312759613,-0.5886037170026678,-0.756783852471578,0.23166542978065782,0.553676445176462,0.30374606409922794,0.10530603056844601,-0.841384708506856,1.0424594726965142,0.7373397968434225,-0.20995915298324405,1.173678695030388,0.3729904394431641,0.22148053631031664,0.4500611907845845,0.55011048853911,0.30320587086777734,-0.6410298310530477,-0.17552501648345625,0.9668727061764059,-0.49328557726131217,-0.20413019476842473,-0.06755949979954144,-0.03907056061965974,0.30650041542865436,0.9460184067311188,-0.4878503099661933,-0.7507526291650131,-0.6046663537965666,0.7738549071061711,0.2917716107348326,-0.4276108464535824,0.6320452229072707,0.7312383339540893,0.7224383697626837,0.896524344276218,-0.40576611691112807,0.6381567970908596,0.10540995197769479,0.8657325977332189,0.5823273059751773,0.5839754710510012,0.26694565926250563,-0.7247286852334017,0.03374634578321748,0.9762949394697569,0.939660022334019,-0.8414163449510406,-0.6422315792168478,-0.7449418553413517,0.4413455783641834,0.6404290830574936,-0.5546863627054859,0.029829903151411426,0.6908733127901905,0.4673049963852404,0.08450703018497752,0.1806995516022006,0.016858153741954072,-0.404197982878007,0.1314750900271776,0.3875830645629586,0.7805103017568354,0.3437668329966877,0.6236092849197655,-0.5219099373065963,0.14347330560901417,-0.7765890374917975,-0.39081426735940916,0.4427261771421544,0.8861926938074269,-0.9398769349478429,-0.32933215920002623,0.5535933829858114,-0.5297812840328808,0.17221176088201792,0.45554109479671806,0.16449333124120177,-0.6748420626049139,-0.30598487024694376,0.5713239358927975,0.1116249577765577,-0.9895441505611277,0.5219571725260681,-0.929514879763781,0.4914715441835563,-0.5949528228010964,0.9167818402408631,-0.2600134088543499,-0.33060146429494536,-0.6537505298941777,-0.2899675629829516,0.8979119327891825,1.200156344428101,0.0058548032237114465,0.11314985268535452,0.5024847151149482,0.6826877802812846,0.009567241069922143,-0.43377983738845854,-0.34664522088588534,0.376510823469108,-0.8981012926899757,0.3053203302199341,-0.3082563239949105,0.5263849309616788,-0.8490915207567041,0.17779393979610109,-0.02395345841153062,0.28886671079293474,-0.8719597119840994,0.15978194978717708,0.12287428689235061,0.12131767883648432,0.20702076545484707,0.3533285167777675,0.6135760335657148,-0.4411903196949916,0.7117751599951636,0.11942898103717713,-0.658252466848327,-0.6336717689765421,-0.03675308972851043,0.7667306658951845,0.423068905556273,0.43919551258899664,-0.1990094744628583,-0.3698584663808075,-0.8603095023625037,-0.31936470920039284,-0.024668370116494715,-0.7637091063480894,-0.5475114619203337,0.20436190813435126,0.48948555124260973,1.0278321423999923,0.8952779873952683,0.2957786424703253,-0.15834575145805718,0.27155740353174235,0.5711328026931163,-0.7633161666707453,-0.18013664312259356,0.6798843800907645,-0.22949352972033202,0.1615343878455015,0.24587559449095808,-0.48728551674641885,-0.07314964016500683,-0.0870093944629537,-0.6901046268010825,-0.7921017672817277,0.6680838613298441,-0.5662075375073902,-0.17573432094260577,-0.6257718062236852,0.7805960507472338,-0.41550941200347175,-0.04807781070579043,0.7937754717277611,0.7502737116806756,-0.5299289648248968,0.6796326186068841,-0.018980673650342447,0.01246248799729026,-0.71559616894752,-0.8384121571705168,0.454848902789426,-0.007094031617242403,-0.12629484343857086,0.45904791098986314,0.5310960315737007,-0.681295332528587,0.23215090498553198,-0.6673343175906277,0.6297239669259809,0.4755614029993506,1.0833121501472724,-0.718285570534592,-0.8214769812175429,-0.45788951389911287,-0.578233127930478,-0.6803512168592941,0.6840462628702815,-0.468700711849262,-0.34653302533325936,0.581692979588836,-0.06319154232378084,0.6530417922237619,-0.730483980887179,0.080474328555616,-0.8560064088048535,-0.8289108730733772,0.8263601385447025,-0.7238778890179427,0.06277754390811803,-0.17799968860003934,-0.305313337593105,0.799679750311906,-0.9566628111392769,0.32334548164518356,0.9216070526296812,0.1469893396978802,0.9392935786746268,-0.8076722216251896,-0.10781149234062204,-0.5043812139713679,0.3467930251342241,0.7855890274987797,-0.6627599040083918,0.1710007249854893,-0.5985321155993689,0.2606249767304372,0.048316075948011114,0.9533238788542545,0.2078170516878683,-0.2325674777454784,-0.6659647655077959,-0.6174006489162823,-0.49832276411466747,-0.4749694407971174,0.7022887528232092,0.1130268231632617,0.04331652519086184,-0.7706520876458357,0.7202793866988699,0.44561281528217983,-0.865511238352121,0.40268045304130134,0.0579679652300138,-0.8594310539340598,-0.09159621031796895,-0.034986762154217435,-0.7233553280785726,0.7340390410370351,0.44554223237803275,0.05455711609384775,-0.2952453871307811,-0.27215078079442157,0.34406586105110254,0.2027364308192208,-0.8146453001046536,-0.03795258858096631,0.5156540492688966,-0.11244128398362155,-0.8704664003839658,0.590023865452955,-0.5956524113043312,-0.49292773098496884,-0.6870192567610534,-0.35572958190056725,0.5094030508053249,0.03837352108212973,-0.5901851675159738,0.7556181667972067,0.7575539344001438,0.7195055374787659,-0.5788712581740784,-0.17392422119485898,0.8927482047805447,0.4646513111313322,-1.0688579546295358,-1.091374710807212,-0.37480503347130845,0.5283089770625857,-0.10269632025183706,-0.06266803550108896,-0.7711792383011765,0.34304501743349086,0.5970141550107736,-0.3670863547153315,0.38620534129290235,0.8203067706622734,-0.6380460712337992,0.0036662352719272853,-0.46949688550583657,0.5405727751511301,0.12095796252850813,0.24989115592596026,0.5935518839947626,-0.208226244740076,0.8301801390718713,0.06604212455169942,-0.6867640162993762,0.36370563202152884,0.5091818701328236,-0.4765531627069734,0.5919735140442193,0.6836861424024832,-0.6179786759390418,0.7091018200999099,-1.009124899189792,-0.8289569662247814,-0.7497847344268341,0.7346165858450184,0.2772424658790448,-0.7412268348328552,-0.21602444586136602,0.07834670880937943,-0.9977630856594061,0.6442258681316814,0.5294259875081329,-0.058739791784442004,0.8645913572846111,-0.22247695801972422,0.9284184507090637,0.31838929807794214,0.267448821888772,-0.6681456198183886,0.763855516609288,-0.14504979633319623,-0.6793948294744259,-1.0075487239999008,0.03132170391028576,-0.07185812928203494,0.291826787281775,0.6260258781204817,-1.0216595317972152,0.2365824064515009,-0.8345039698239893,0.5824860894204097,0.5783975485823871,0.04556054895565007,0.3651871321241826,-0.4274181303964862,-0.14294653138582505,0.5287910573375877,-0.18917127737736594,-0.36410599933853366,-0.07403020122768453,0.5919062179907806,-0.39047200008631255,-0.6998021063997436,0.3921068544323023,0.6413133298239785,-0.7998442023111582,-0.5202318272899605,-0.7160561121191904,-0.3041581233043391,-0.10291880973821975,0.4701317752983805,0.22834058431856885,0.12160905714602648,-0.44084434732314703,0.5300991072196329,-0.20828623218998019,0.8225132126140193,0.2004642893833368,-0.734482429434895,0.37288411497715956,-0.3593705476848447,0.3303509852959666,-0.8797894762399573,-0.6826623616778106,0.6743599622211237,-0.5705199717306171,0.6535396316521606,-0.4662601901431191,0.24709446198062196,0.35027077481486096,-0.004714306722161304,-0.4072802756997994,-0.580716881790447,-0.9340940998430787,-0.39210719580065917,0.3063254922851741,0.8766075426281525,0.7399608090551086,0.5158856561812075,0.5309598614900115,0.246309288431051,-0.5904298309615402,0.6983912451104284,0.25627955125351015,0.11066834449525965,-0.6822895845639442,0.035806717639471734,0.02494974275249561,0.7614156846585445,0.11436032375377905,-0.18748172266791338,0.9946372942587615,-0.7395281471317495,-0.11874900044298319,-0.8875654103384321,0.4866290805567753,0.8220913662667535,-0.45720514418336944,0.7028046209550058,-0.422043692535544,0.8196370920731441,0.5077667054235575,0.6098135568543723,-0.963986888799091,0.9256207141480519,0.4525660697351828,-0.3958152004710735,0.6418914199928655,-0.4708527041348735,0.7007660164321111,-0.8062914502130797,0.4093593261647849,0.15019641216286467,-0.6523853625446554,-0.33500995885244855,-0.837668468677691,0.0067300140417802115,-0.32801595054829497,0.27171129909852937,-0.34026712875146237,-0.3412378073186378,0.5296806039310572,-0.8667539764823491,0.8258124185461522,0.7078759567380178,0.3320927250128168,0.18458915709258666,0.7837120901007675,-0.6293620660718593,-0.8420753537559632,-0.5209796601809238,0.5891565574003805,-0.9306594665470334,0.16533912704971346,0.9900505313362806,0.709577129123552,0.040236130353359975,-0.8680032211059423,0.6910808580113379,0.25411004589521763,-0.6777525221098849,-0.6990449698520327,0.914505959834575,0.3918353029647457,0.6820868989406802,0.7926290549057763,0.19617910735695096,0.07887498571906927,-0.1106576360483299,-0.34956662663170524,-0.11289271429065352,0.5609942263724791,0.20964367731369432,0.7868597797775507,-0.11210011827525666,0.21416113806687603,0.2623795267070181,0.1832990284035912,0.40526754617103267,-0.5251330632503874,0.02472755509158131,-0.7915755041763707,-0.23029089969841243,-0.022527182725203505,0.3091268780811591,0.9159592786644283,0.23964195630202495,0.5556772569949775,0.10730215580624608,0.3620377117640384,-0.7908217228333015,-0.4646598518470285,-0.26009810053792043,-0.03223635741964515,-0.8771181259975585,-0.7040804302254078,-0.4588979362639765,0.9196567912293754,-0.35172225079833375,-0.04137308175458103,-0.6079448213102304,0.22236233656242002,-0.4382676117577783,-0.5858627777665811,0.03304376955184893,-0.9890794592171067,-0.9846719347015493,-0.5618623817962844,-0.9265572749983577,-0.7839484917386172,-0.3222937724115182,0.6053393595469279,0.14614357161468983,0.03115467112744345,-0.3968787688282589,0.8961204178101435,-0.1531527027893627,-0.7708671679564428,0.26984565668334576,-0.7535239652890693,-0.2958565576344702,0.023725887708548873,0.7552863114822849,-0.01803521517631855,0.3922712352083368,0.9739758515109076,-0.7442804137766267,-0.45412989253576774,-0.21156202031966384,-0.15622068498314212,-0.1778143952048363,0.8152240723351397,0.42808917715059525,0.2158104281814075,-0.3812545642744358,0.6475807684425894,0.9101210229699779,0.6423965651004531,-0.9968697896170542,0.2729407884731309,-0.8973665314426873,-0.4842343631628688,-0.8800396675633267,0.20858492971203135,0.3754838921066322,-0.7671270190314683,-0.22910600536246564,-0.08527926776056584,-0.2591480936602568,-0.7559028163582117,-0.1608800882321761,0.5030147508333377,-0.8577273967967457,-0.8393364048613253,-0.29063152174809403,0.8834051418892982,0.33715759285495484,0.3573704337498907,-0.27615598073774106,0.18732158241707686,-0.9797376319445132,0.2721920928190844,0.8265738951524735
0.22514693668963837,0.7473971869326901,0.4479461109321876,-0.7588831671926195,0.8049066145716834,-0.8671123112884502,0.06793494509552755,-0.7157257524130847,-0.9765867785381919,-0.155931479744722,-0.4099185846916875,-0.027999012404793966,0.1544075870370182,-0.912510042285678,-0.753999303101509,0.1172845473446423,-0.31366529365468354,0.458346975098896,0.30458329718387933,0.6912087259798136,0.3849856533384506,-0.14013784521970374,0.3459332447888648,-0.44923765148916295,-0.38737300244357464,0.5779703198415866,-0.10716096719683565,0.596760681036705,0.6448447473365568,0.7151246753225675,0.8332704716824146,-0.13802955897340752,-0.3622650719175571,0.16440127096304707,-0.25766005330559294,0.20214720500383476,0.4112793058097801,0.3772513400593996,-0.2499736094123448,-0.6651513265729546,-0.1379337921182233,-0.7145699831306254,0.780621916369888,-0.30784082447113276,-0.6902165333551975,-0.9481555471903945,0.29193595755942414,0.2737502675329908,-0.31881126065195803,-0.8566661375470245,-0.18079311416144872,-0.37758955434630515,0.3542412794700187,0.2115584989053807,-0.27081254360492,-0.5642148914900198,0.9760719323111837,-0.09199675760777026,0.3765490216616667,-0.7188998682787819,-0.028854106960640974,-0.9449410918779574,0.010875072563834914,0.9281636988290475,-0.23103259512052884,-0.919881951975799,-0.9340590904592855,-0.217984849847979,-0.6735382017995595,-0.9445669493468677,0.5244202283228321,-0.06891963576829388,-0.40772838370255843,0.80998517874554,-0.7620095428511366,0.9143340425593304,-0.3712794264792206,0.7768693376839403,0.2057619816885481,0.6533649242789641,0.9680296543904894,-0.42318760709730724,0.9222709708151859,-0.2210362101951593,-0.22897619052615537,-0.3192257914909886,0.08281643311881898,-0.6917070859200941,0.10740138188632484,0.0833366212280122,0.5238044607527518,0.6673850008121259,-0.11816072820974796,-0.39103305968692414,-0.473536880061373,-0.5980177614461488,-0.8701115076506379,-0.2971792696429536,-0.4303943306039242,0.963343503794875,0.1427465477657324,-0.2868544973870456,0.1748475072891554,-0.7104006035444533,-0.10522726472664148,0.25597680836957404,-0.02176694263463075,-0.19673616881022954,0.987456999648862,0.760552007262218,0.24681183679233545,0.13875472236456554,0.2413209596491681,-0.5973762663913572,-0.20973067119417324,-0.9211778818786117,-0.048895415093962696,0.085994012292864,-0.5442286420363966,0.9281432877091343,0.8190058194569996,0.4463864002964363,0.07431004228373235,0.7599696899799796,-0.7001221815629982,0.622463814758274,-0.7194604730203671,0.5895856194240265,-0.4610670901456768,0.7309142249390707,0.8873541418957143,-0.6760725195647386,-0.048068574574847076,0.976848020673399,-0.0226138506672415,0.7330727106506908,0.17933757557602586,-0.249169875697739,-0.42850379045627857,-0.5935878616079935,0.5235963827553944,-0.22691898635394425,0.022594429795976177,-0.01568880663746336,0.1535497578132407,0.7289574819651825,0.9580413278331743,-0.18852531863562624,0.6513672352770973,0.5397050477728432,0.17035136348081192,0.9460854520175932,-0.5383540469685191,-0.7413000451067628,0.6772533080188726,-0.2201906861354966,0.5659105065790297,0.695470070492407,-0.8948489771279518,0.7758518862896131,-0.07861696763533697,0.0443093193841114,0.2822379575571858,0.8855866155216756,-0.939081327408401,-0.04056078346096818,0.37581021836426615,0.44542182345235215,0.38506486307421595,-0.7311286037255856,-0.4012431988239972,-0.2841735101218234,0.6043629817366943,-0.45040381687999415,-0.5942152298196872,0.8905638664150047,-1.0032869359857046,0.9880176989722508,0.35908533613757204,0.6563232805889845,-0.4438767704951751,-1.0880128567250191,0.2254259027078767,0.34053053774960945,0.1880083379018248,-0.8905077488761978,0.429902896186399,0.5079794674388806,0.30190175438530964,0.5329641303295058,0.7302907113302999,0.2856055613678537,-0.7778825235838509,-0.010893686230620828,-0.8424875629136677,-0.18486657470249174,-0.18579756023788105,-0.8680918493766389,-0.30239404441513645,-0.7814758054494334,0.6062660229903052,0.8735662210317143,-0.9033467781950766,0.83348323604328,-0.025495756501295586,-0.44326090884377406,-0.8693543725718776,-0.0912502237610055,0.39486689572176903,0.11880563159247472,-1.316710765640068,-1.3248746141075622,-0.5872135096967401,-0.6392047673068818,-0.6372257164708934,-0.5145438391187644,0.5311794440482279,0.8236753374765593,-0.16601942289400767,0.8643785877386013,-0.31136255058252715,-0.028138825798168905,-0.5460456732209816,0.2807471881257058,0.9579186879524997,0.20649596174962395,-0.285338304689998,0.2896339552478657,-0.7701355702191515,0.7393621791624462,-0.07162573520518524,-0.2109186030647808,0.07020093960259764,0.17880717166945506,-0.9296783922252964,0.19713868097796758,-0.777436410448406,0.07607651594676929,0.22556411282575492,0.18932561828509076,-0.2253225919449638,-0.15330686080641556,-0.8024425305871259,0.43062062262128004,-0.5725843008958457,-0.08245399013132705,-0.44892281461100747,-0.7186304788668844,0.27977342348922446,-0.8773356798144331,0.49818327221099934,-0.36511359125503096,-0.999787811838951,0.02147808804480731,-0.9085392517111139,-0.4570079351849407,0.3904046705136101,-0.9245541700113679,0.58785748165236,-1.0969522220229537,-0.5908469480417768,0.4255374179327823,-0.4388782108538816,-0.933739496525948,-0.4851272788493401,-0.7192282440991913,0.4145906521404538,-0.5854820313170134,0.42296391449692616,0.6592086293353326,-0.22574263417227564,0.6719399605684128,-0.3932675944648521,0.8032504187330787,-0.8914302668570327,0.33145742096199265,-0.023171934393711235,-0.2204677684054099,0.2659553696829402,0.40751951084714666,-0.9913369430592401,-0.6668199184445037,0.4221334001509112,0.32009203466312747,0.9043652470723095,0.46667653304333134,0.8119110675967898,0.3170815054884868,-0.44557259731623333,-0.7826353611755928,0.5377308483391205,0.21329163989605956,-1.0156847976551753,-0.43419279667718824,0.7910917570003603,-0.024168074788399434,-0.15281557823030498,-0.1490689212166607,-0.6884782517547031,-0.41828934257589734,-0.42140182918886193,-1.0428096818461163,0.41754095956210796,-0.24488942625831323,0.6158533682983716,0.6983544060103214,-0.5766166759007133,0.31454389560546925,-0.05556322163608702,0.7594285031670542,-0.5736590900314406,0.344444005851517,0.19298603184826424,-0.4529458865521529,-0.7956869535877111,0.24856685699054606,0.4942008944787678,-0.2860787199624544,0.3382249563843238,-0.21849582786787047,0.34144108602341355,-0.7066994383540575,0.7610089178503221,-0.341261828244443,-0.22889116587418393,-0.9389627194949279,-0.8930293737275766,-0.11900049027346626,-0.609616753546821,0.5314884781967817,-1.0927379618178834,-0.3232198913452845,-0.35541711261063835,-0.9649137101172603,-0.7520050893574044,-0.17268283415865537,-0.014308655453469835,-0.19190641995513322,0.05905726110422538,0.18450246317979374,-0.9900674262308057,-0.10237250113980814,0.8903822677677877,0.04629229432566604,0.4559319114694894,-0.21837895474966726,0.6415602914337295,0.5632060559516081,-0.025894996057384184,0.899518621311138,-0.6652426380576636,-0.8470660771044836,0.579655526220522,0.5717871744233645,-0.8318370407152287,-0.5546707184406237,-1.0359493502569357,-0.5018163198112751,0.4478220535023263,-0.03342282065519853,-0.3238720441947776,-0.2570482739093962,-0.9978347364927712,-0.4004264519991082,0.2929213380236289,0.94808726753238,0.6927125784482754,-0.9533023376814633,0.7959477703842867,0.5548534926765551,0.5757890868865454,0.001723326692013575,-0.026363405334403695,-0.21166683966247504,-0.74711675072819,-0.48247930560874863,-0.5033378441817701,0.016765535071796737,0.6423912896300124,0.08356954828519314,-0.7961385335528947,0.9482123459193634,0.8827406311403991,0.5597708962813319,0.9682135644327906,0.040440513391043,0.8561719378616216,-0.898643039740271,-0.2815477892731973,-0.5490681419843341,-0.6086867488387949,-0.7185881877801457,0.24484032327093733,0.5624821075602593,0.15595077168777766,-0.7020922742069341,0.6300702965357248,0.2886100455760462,-0.1499846301806268,0.5015219727306208,-0.26507313731574117,-0.1541251150978281,0.9141371906029584,-0.36961860327646423,-0.022213630607365073,0.8927614640985434,0.595967323877221,-0.6956073423967598,-0.5846475251437685,-0.8944049441800371,0.3325030450076074,-0.037879043044825096,-0.7025290887558311,0.8989449625030476,0.02824663706406659,-0.5348554844316588,-0.0011227108329823399,0.36095113847879623,-0.8475534870930596,-0.45058141808271157,0.6139352705258481,-0.0806838350116249,0.09333901813904578,-0.1277001736109326,-0.9000677566890857,-0.6343478364406416,-0.01544190782025124,-0.41102933845782513,-0.6973822718784829,0.7862028154019075,0.9639475867185154,0.5721634411810457,0.7315744394915561,-0.3609885068748908,1.122292564646478,-0.45989160399890716,0.980407729860019,1.0915471021972307,0.5489085869537078,1.0445951936312758,0.16826356940534473,-0.4653322021327889,-0.12061663015712487,0.19529301232967258,-0.8460985596541447,0.24932432429521514,0.9626762544674694,-0.6197332808898424,0.5851903410216417,0.8157716047294494,0.8874819811100932,0.9245319177003878,0.05049626435731947,0.9766510196761753,0.5738716924834756,-0.5628213332164548,0.09362500484965612,0.5003500143726509,-0.5256229798484201,0.2435717886574374,0.3934652959966913,-0.4617006996059614,0.3238857269678062,0.5915265193805056,0.031744294508232795,-0.8598554486609714,-0.8526998935724021,-0.23651737847744841,0.8594518583454631,-0.5259894811098088,0.2835179892879817,-0.5443307639308566,-0.34691722860756585,0.6998854690968157,0.45777192862597776,-0.8092144635418882,-0.14259595802713276,-0.9416703606557383,-0.038325612420996996,0.3271410237174039,-0.7627031533152369,-0.43160827166984633,-0.2077121484848751,0.8424630506394397,1.0070693166952351,-0.9067280017789591,0.49538349309328517,-0.2581272575554274,-0.09640093850648566,0.7135877934830437,0.9375528495017332,0.8626706918212839,0.1419743157097136,-0.23458635993965848,0.6158897393644334,-0.5070369822268226,0.09993030193888305,-0.2869790694983122,0.3144894247706146,-0.5136394603088558,-0.6127725336747823,0.8380013354024843,-0.7965980323903715,0.011539229433898955,-0.5583215889293665,-0.9221537411740016,-0.9284928196631924,-0.6459350753501283,0.7264550167465315,-0.4691324403506032,0.8391160675696918,0.07267283127908473,-0.22000931271844365,0.07356987149568296,-0.02780149534972982,0.5272002490669611,-0.2826149980627733,-0.12037038051823425,0.8157118322978804,0.820095610486637,0.7402935980327207,-0.15766188758311192,0.5649336412263951,-0.06037087193584027,-0.02995618836398419,-0.6020376986275524,0.17353583195368155,-0.6276882517039895,-0.335191708074615,0.7121890502748455,-0.5850403260285432,-0.8575176319694618,-0.8619839504006428,0.8814527345634858,0.013469702026217065,-0.17681795219614627,0.6142753857979101,0.6304552604825304,-0.41163681020808746,0.25894977733601887,0.38836607337042506,0.16803242036381077,-0.7669053378110554,0.7961324859593676,0.22778014002207847,-0.3099692880268868,-0.15461311086362375,-0.9810613044341442,-0.7661101639819493,0.5429827887224081,-0.9655470358856812,-0.16229479345406259,0.02860472158372901,-0.9043180484018039,0.9352324634792046,-0.5475866862907748,-0.3891396253385259,-0.3909421208366965,-0.5387239608050408,-0.9969092401938464,0.4586895881759927,0.9336105096206592,-0.5517706581309451,0.3290456684303115,0.4775273828312548,0.6601213463017993,-0.21808364054972745,-0.5025851961784497,-0.48913234340779294,0.2817599152631155,0.5566157147157946,-0.5984522807585443,-0.1712828723778342,0.8418076474591804,0.5552419165124135,0.8968702706254107,0.4884428039198367,-0.20126334598891693,0.218106580216218,0.3139745135886499,-0.8683206212358188,0.07766420328785995,0.4189647131736689,-0.6610704771187909,0.5638863635315282,0.16823287888582522,0.9046808299906985,-0.9151293940786915,-0.46934718360892724,0.2030613826847464,-0.4073734580802138,0.4295105114742157,0.5146127428889316,-0.8191068525115935,-0.024841648979760763,-0.061425570372544626,-0.37287410453217906,0.7223285710159077,0.5258550848567286,0.32746434982051137,0.4004732394895816,-0.1483025443842447,0.7084195266582768,0.28858102318470147,0.402249638510704,0.6952330443768461,-0.44634077571607955,0.5943218540350105,-0.6265253672174943,-0.3049537551681696,-0.32242053045164293,0.9600384149375076,0.7149103251875772,0.4026012498834588,0.4540863284478971,0.12413840277459026,0.8941818585821724,-0.007488115229541354,-0.23928251865552927,-0.673848802967669,0.5726478294760787,0.45912284949330606,-0.261938066870934,-1.005721659177983,0.5742810595831429,-1.1218019834880966,0.21873426583367203,0.7419884019667685,-0.3127731792687765,-0.7292317484864995,0.2109995098795728,0.5068146547190374,0.007997779480357231,0.888636204643789,-0.8838880038253111,0.016933084028700102,0.44127545835452936,0.7358697650201304,-0.6360078312525659,0.6014635574344258,0.10659665213714234,-0.20635632240582533,-0.7364345538029745,0.7305782512998827,-0.6854535836405693,-0.3804242815818015,-0.4201782410788342,0.7422254092372914,0.3465579976728872,0.5953004342965482,-0.5033567855899846,0.21503706065459657,0.0453112090042266,0.5123442999773804,0.6031322387295859,-1.2116464808720524,0.09718004364784918,-1.1198625753904063,-0.06895131734441289,-0.519627981862029,-0.447641226116205,-0.3159098075295834,0.26669609488577384,-0.3110635238694013,0.47464839249347374,-0.1813841817027248,-0.8583488946907468,0.5672366020320979,-0.4284412646367334,-0.13377541101501378,0.371090509230972,-0.33508768570257597,-0.8868286877065688,-0.2521579059743728,0.8887718166808448,0.2829040237400538,0.3413604159853651,0.2660716858902427,-0.6046269166437508,-0.19061375032774167,0.4385064942648155,-0.890927061527238,-0.5754230401958117,-0.6129378841861343,-0.3268341861752283,0.8047773744903932,-0.9326174090081976,-0.015308899600959389,-0.7010764586157997,0.8942078409060887,-0.7770313957134944,-0.1927588107384353,0.4707376663136105,0.407870977539971,-0.15437865610078935,-0.3076473460865957,-0.20494125684777137,-0.4711376881072461,-0.5893130976709796,-0.03392060488222004,-0.46293248786478536,-0.4250766702054998,0.3135038359106622,0.9369042833095017,0.20637141298051986,-0.848520694851617,-0.8572231061071377,0.8843992383721144,-0.4319634316502282,-0.8520059758553523,0.12617670693295063,0.13045980631555934,0.1585636905509684,-0.5630792015202231,-1.0256383701399439,0.8404941124986697,-0.5993242237665101,0.27455979479112297,0.36623723672375097,0.1864154563776647,-0.39591182601356356,-0.46769858939460424,0.1925520024925017,0.7312853843693287,0.8930337105913644,-0.7882385868506699,-0.6903545585190736,0.8894725175661593,0.47307045666958514,0.7659876496595461,-0.5947347317293137,0.17517380933772614,0.4020735952299302,0.35914676148655245,-0.1873212889859565,-0.9770069412598472,0.15176245635486926,-0.5138876136353978,-0.13776186416458266,0.854763381877527,-0.2686986890305082,0.6223878344729405,-0.6629741771615755,0.29673785709678574,0.9017869819219638,-0.8218274688080633,-0.9926913665190046,-0.1410569480249326,-0.8211018198540001,0.4940881093430076,0.8284581836613404,-0.1320196851712634,-0.4825971961025302,-0.13122614706920885,0.446895635700002,-0.981891676839258,0.17890797896939437,0.22658336977475813,0.275376493791871,-0.5159558400382456,0.42810420069357025,-0.8172371613066123,-0.6018527325654991,0.7535125919292984,0.47592368976109106,-0.9736591021382195,-0.5059491692009692,-0.5746118403707203,-0.461309363367315,-0.5067685090233569,-0.8760393588817361,-0.08566581156448941,0.4593158820650036,0.21035566043881554,0.34445781087817484,-0.8383752500987846,0.9027996959433422,0.6769444253353412,0.6103397771704582,0.6460100898867113,0.8654210162655227,0.08850793222739539,-0.5994359642647482,0.23356721570508232
0.48576298733587797,0.4758347867080508,0.04289804833376021,-0.8630825613328439,-0.25777412313974435,0.8415332169267147,0.16889781951485205,0.07666388651142686,-0.46229297123561297,-0.2631021601668422,0.7906921783063385,0.33292609505367143,0.5747740268704528,-0.09131001571345211,0.260493544738256,-0.5032328197708372,0.41092166056697255,-0.1447973325933254,-0.11490897037050884,0.2986446491537633,0.8725612429378533,-0.8719873067827582,0.6494864746940152,-0.41523377917561377,-0.11216109098724436,-0.9561733424499821,-0.39790784433137394,0.005262485260260963,-0.887647845305122,-0.017808541233669706,0.8542212577168546,-0.7892135637843896,0.5288814570016761,-0.18065709107020508,0.3103643959450412,-0.4795438573071607,-0.6813204055915503,-0.6793161612234444,-0.8592231842506332,-0.629046844896995,0.32836274632860324,0.7635377916621324,0.6282304975692328,0.3704004143932448,-0.7791590535323166,-0.42139478082284815,-0.3800082819095382,-0.4997610038167231,0.030031067475112985,0.0711541223148894,-0.2862089375873826,-0.2924201307417123,0.6571111958121627,0.5785856966393712,-0.3844083366385087,0.8275768877465186,0.9056300340050121,-0.34651491593991834,-0.29115010279046233,0.011272868755182774,0.8822688058449604,0.7526339952013871,-0.7948290435512864,-0.21488202492031283,0.1049915014896878,0.002792526100246668,-0.6175268826777256,0.7097822964854632,0.34419526030910375,0.6664177666461546,0.7077667454029491,0.48586837519729703,-0.1346748559950105,0.2081911305760338,-0.6927504935193999,0.33212282546169614,-0.6527636781004957,0.38271882898616855,-0.5424099849760446,-0.7653287289875047,-0.6695004856895482,-0.9960431418462474,0.4374792357070605,0.4648020981167582,0.029866699826518905,-0.6772743978892326,-0.8328916679660013,-0.961793213552087,-0.6685110245136975,0.7815723449332223,-0.5176497107625032,-0.29485755672834646,-0.7977482386858455,-0.5716307513582529,0.013124053841869942,0.17883504239091502,-0.5497984976330853,-0.9209398410156384,-0.25807235035592785,-0.5773982329926062,-0.6126171447188965,0.8615212140708505,0.17632801437419152,0.06744534340656944,-0.19725436620609302,-0.15737405320398373,0.07760816925274007,0.3926849911294195,0.4045516511251919,-0.6566063446393513,0.00022589130641948515,-0.17608380993179606,0.7410539325387684,0.26284481106829366,0.06495976322896456,-0.7693490710722467,0.21071330473675273,-0.7678845595655902,-0.33296943750656743,-0.7315474914122075,0.35231049390641983,-0.6403256227195306,-0.2960662909183921,0.6914852533584182,-0.6801103229340594,-0.05078358469901745,-0.22642191928589087,-1.0341348597611786,0.5129216652818783,-0.9043161432648459,-0.07333916424892854,0.11754859039687077,0.25350955338152326,0.37859405960130665,-0.48294970225037953,-0.9712041959017128,0.4501745977429731,0.07209311158202725,0.6725335374540425,0.642835629563433,0.6866523355757663,-0.02981068004091969,-0.3328976795041495,0.5827933103072828,-0.10005878242304002,-0.6426435676566495,0.6844301425420267,0.7124922803681644,-0.154162545745023,-0.9752040475370305,-0.38831509882063536,0.4376671878103084,0.6801145988295582,-0.667417129993192,-0.9518606810629067,0.6362786127806382,-0.3048690448880586,0.0715791181254702,0.9666994050565437,-0.8202315218044317,0.3186207034410253,-0.8257660042750729,-0.21677761668330234,0.6336375797470725,-0.1181573347302972,0.9982053911840932,0.11909996411518921,-0.35766644368257294,-0.5597773481904937,-0.29896525774804966,-0.25477596293826643,-0.8627969156381482,-0.2663382291729701,-0.08825773765632067,0.4109960811285449,0.24545105294872227,0.31209786705093334,-1.114490484353419,-0.702004752104982,0.23337828016037834,-0.046925097973647696,-0.9698953057675358,0.5668155023500341,0.43902599174820073,0.03094813307583374,-0.8527977800747045,0.593592924666135,0.21578538358112104,0.5754626937432848,0.5412873040500684,0.6747240870997373,0.09560836821577683,-0.6839759225303624,0.3545237232947761,0.24360607386882108,0.48470389722009305,-0.6602379501788155,-0.6100535475139882,0.7813919286095409,0.5001161396049995,0.8120503497735353,0.5104401716256085,0.18814197273460329,0.29595910460949953,0.7516174313268055,0.13898836724792268,0.2904735655840091,-0.5790896859652314,0.10695878748262594,0.5703417549453598,-0.38374075769889526,-0.5698439785998286,-0.2979858806022144,-0.3565573135746507,-0.3963376691360721,-0.05570732319318755,0.861896011764832,0.10856383818809207,-0.49154322331167116,-0.7402939461249223,0.4444706043127334,-0.21676260204850853,0.6472678703020808,0.3192408631988692,0.5924786577753766,-0.45560305106016624,0.3871756540512465,-0.46707802987309754,0.8821800159129844,0.289427090227472,-0.30902623590045447,-0.39553204567552214,-0.546424359463227,0.4917080268948187,-0.3859037258429537,0.44052952984581795,-0.20002840729036073,0.5721263792925703,0.8237201719619596,0.7316973466796706,0.7147515885712602,-0.38745194383284054,-0.6192712880048465,0.5139366223969549,-0.1453091115441291,0.030488582444701182,-0.7631778270115845,-0.3538457668152726,-0.8728936471248805,0.7742081521145746,-0.510415742963866,0.11489681954035476,-0.9219875912106464,0.33445980836196865,-0.3495952164962238,0.8050257486505346,0.7912241456449265,-0.31613096959775056,0.8573991526437676,1.0677833866352633,0.7294228289453791,0.8075796974820815,-0.3077236579829239,0.38292025718202327,-0.6290320695683224,-0.5758491140536958,1.2097968754413102,-0.15376594668101537,0.6703416810703232,0.7841385405427899,0.8388145948048193,1.1037657365630293,-0.3451866251311378,-0.7108803227209133,-0.004587768231853874,-0.6225186215656827,-0.9014333348566961,-0.26662444222459175,0.5700680452509809,0.13259300789708614,-0.3743799394417575,0.30960882205741114,-0.531455212409271,-0.9609355323144201,0.5479730134959003,0.2811626025321339,0.5656416209085874,-0.8866555097263549,0.6998344558759487,0.3252753986887287,0.2757661484442001,0.4030531631340898,0.8562471789909853,0.3202624071276394,0.3164244649768009,1.083509423715382,0.5783086416255026,-0.0508331069891913,0.46494963412403,-0.115002694813752,-0.36053093516964807,0.3778123570747446,1.0033357735950608,0.9548942676765743,-0.2770359178259913,0.062476156900551374,-0.5748379798580181,0.9915088758233832,0.9622811778861725,0.29970258887095547,0.6117477433336457,0.43669817663184496,0.19889983293367736,-0.8727688344278224,-0.06776669911342217,0.35126790351065834,0.36439586347618963,-0.17702788537085534,0.9998122726223859,-0.573487469307797,0.038581540370080096,0.4400937075012245,0.4680148319963431,0.2916526553289657,-0.48322441088202406,-0.7015413719572129,0.29282034601829093,0.2857404467410135,-0.5022665908841292,0.5476816226715412,0.03861668949202818,0.42906978984993943,0.7092564388059674,-0.656094898276183,-0.9603274475585011,0.5581372033534927,0.21943287575480203,0.40004177440909,0.6786778464073552,0.6096902957394312,0.9258580663271513,0.08424503064848936,-0.019504776483377496,-0.20148404564224234,-0.6809056639273133,0.1880770376649682,-0.3877956301245636,0.8231132456540774,0.08301253491343466,0.12794892328692042,-0.3247562434292546,-0.9996493899208871,-1.0418940402030186,-0.25408731686432995,-0.8757286421218247,0.2413121521743228,0.8242021771919695,0.8610951273088778,0.4383080968346833,-0.4805446814394686,0.7558032320703443,0.7749962488819993,-0.6059137875943181,0.47480316011671464,-0.42695948912709963,0.6058479619866277,0.9962606870086194,-0.9377750155477178,0.7939094684388134,0.25167675924582034,0.9428798391790761,-0.06800106648598449,0.6834483462981801,-0.8778211394025485,-0.37473667211910944,-1.0016530638121444,0.7563566357317515,0.47895225328785374,0.5755213021560174,0.717747915050793,-1.0140229398870186,-0.43719876193472934,-0.9964938672967075,-0.6225018115430728,-0.5139008524874834,0.023951403834120394,-0.34469792036128266,-0.7066148083291617,-0.635833067285538,-0.7046307724923406,0.9458518296379524,0.5184516408991243,0.9355229063752365,-0.12030197133409906,-0.4423406666336153,0.5967979405182545,-0.3501385565591887,-0.3921396593675184,-0.5208476341766854,-0.727620083200185,-0.517127281601926,-0.3717118810392931,0.19966236365523019,-1.0909596879049677,-0.8175967192550935,0.4388279080950271,-0.8464055368685549,-0.46247076859311664,0.4935087779495329,-0.9498607730459425,-1.0324105078310037,-0.12328988605039659,-0.3661885315022293,0.20728203847085602,0.7045698575653355,-0.6528554369888804,0.18576724281277365,0.009309909903867349,-0.7122091597363948,0.2479711287348154,-0.4527191151302364,-0.024395436943584047,-0.83518914614778,-0.08282140026806276,-0.38712565878489436,0.6605474678964602,-0.8554736392743776,-0.150026256497439,-0.14320914304398893,0.3188766747128603,-0.045374340451550046,0.09555367522504667,0.3435126792128964,0.5936566982414667,-0.42206111120190315,0.0013474246909206025,0.4866942522994687,0.7390470326523281,0.5787472584876961,-0.32623631206101367,-0.5651701202210737,0.047113112000514795,0.5481607948819898,0.031645708613956616,-0.018980129314074334,0.6713844858469417,-0.27844294745488146,0.719432170063856,-0.18639007203775362,-0.34355503960045586,-0.09208960009431344,0.5217729062389826,-0.7465515589294615,-0.583632380727449,0.9374239976542831,-0.6301585186072467,0.08210830607520613,0.053021156075331546,-0.14585715408880137,0.1570635485821927,-0.6214182521892698,0.08561044502043208,-0.18273210740402343,0.3329703463306135,-0.8389058726729877,-0.047704194001164504,-0.7784557793593645,-0.46885189415048656,-0.5224792194434643,-0.586255772005245,0.6913250288848116,-0.40716941790181704,0.8527229686275536,0.9281643584379774,0.1405082907396355,-0.7141168530489491,-0.2509035132408375,0.5955100972055638,-0.2654423808376627,-0.8317314635270975,0.11141795354212036,0.7204649669748497,0.6400986974487551,-0.6091006855356323,0.3336208398004935,-0.5987413610824976,-0.6097102678642607,0.7149066981387684,-0.5116679276308985,-0.4113631293491274,-0.8479176030958623,0.806610703245961,0.5164187049736185,0.1082483046701045,0.3737396379815006,-0.7463364489780638,-0.08283855324389339,-0.2883803765234994,-0.8031701057206762,-0.0329374664778399,0.8255107759469047,-0.933634032194545,-0.4195526921177422,-0.5849220769629384,-0.5236966778687726,0.8169246728051003,-0.06445684439388458,-0.07930155974797376,0.5093331806530956,-0.6594605435873229,0.03412020349472334,-0.07631836457909906,0.21474737443338734,0.9803619776362964,0.520360067721095,-0.20003943903542898,0.6651081538028967,-0.5456796509263417,-0.7590176490371776,-0.4890160631752978,-0.37962493853420426,-0.14489540687079783,0.05132062927046797,0.6933754186223029,-0.036539158282472194,-0.03453383179319156,-0.9285848016370463,-0.9612111094196937,0.07548331373942202,-0.13755508550793225,0.6761128126108258,-0.6786525643252758,-0.9500528904088039,-0.1017991718348937,-0.5266952209845719,-0.9172138125905321,0.4274529049873798,-0.759979364000562,0.26216744191328906,-0.37534085262368044,-0.6183081448490374,-0.2143520184547428,0.6274665958815248,-0.1874515130575527,0.5596695415879646,-0.6262634093361927,0.6835525209340947,-0.479935850029079,0.22918684465268024,-0.09654702580597348,0.619016612964089,-0.38259747489501533,-0.9437936323080552,-1.0208613943492595,0.5998441855701359,0.00662677586849434,0.5213691997294435,-0.5420414981053114,-0.3114046441061987,-0.9398140831503182,0.9229846491482243,0.33558077585539176,0.8641360104012465,-0.48686044910951704,0.1930589205333266,0.34908175888801096,-0.3487971088275853,0.7244130078937504,0.9172878715117683,0.8331564369293649,0.5806024300074677,-0.343942673272507,-0.32218711172359293,1.0242676494244025,-0.9040561608819077,0.4171663017139524,0.2541060678912915,0.01157143673972613,0.7535943998767075,-0.5160121829273977,-0.4004953586200852,-0.9097377738714113,-0.17048122927376894,-0.5224562810761401,-0.34007297719467783,0.6601986724811875,0.8698912457610958,-0.62851085864673,-0.25498039782345483,0.857134790007307,-0.878644400749874,-0.8287927401077403,-0.6973979611331936,0.17344973456124563,-0.7011096121552062,0.9377458186570862,-0.08268931294740808,0.10892515789889251,-0.32557895444094437,0.13534331535886737,0.4811366988849988,0.6072946067185885,0.5738508735698047,0.1624768611768291,0.7211091971005865,0.4860394802010398,0.3575787562722877,-0.9949972775469684,-1.0604589270609908,-0.6397990306269807,0.2739957992263992,-0.2147363572231748,-0.21495308913308103,0.7639223138194516,0.7906954739396324,0.8183737394871756,-0.3722421622462575,0.38210874865296235,-0.4584773115191068,-0.6279182945997528,-0.6478878363232919,-0.32819843035860113,-0.1453901737887315,0.6632633360744363,-0.7257295246880844,0.5744762952228218,0.26284337334982044,-0.1751455099699643,0.2127028009679722,-0.22368451054993121,0.3295828137354202,-0.04248567443103646,-0.650159481502848,-0.8156401297597508,-0.003599722200840654,0.7256912762679489,-0.3743874479817104,0.41298536432021443,0.27910130519405957,0.8407782836866952,0.6327088366538173,0.13187439728942085,0.31403938025521266,0.7968157849465384,-0.2009624308261304,-0.34641058828444526,-0.9791368068728887,0.6490951601197781,0.594077137190359,-0.7967132026679182,0.15512669373124208,-0.05459685750613501,-0.7169287738920336,1.0444580528536809,-0.4079150757363232,-0.6414582208758671,0.41203883657898327,0.6660505442463569,-0.7767056066877559,0.4282776897392864,0.11466826531810313,-0.8125503629200292,-0.7200845428566209,0.0801116027228319,-0.4455337636309441,0.8475706195206809,0.618111305627641,0.9570471306639955,-0.48320148272219576,0.9390742470148875,-0.13757648790238103,-0.30496240937249075,-0.8993009460612935,-0.8944694842807948,0.3837417586472019,-0.08518205732683534,-0.5482425493002417,0.22772431859814252,-0.4874833063535403,0.17689560722307396,-0.2468922155765492,0.685796254058975,0.7083205467576218,0.047841295296598155,-0.18610981379871228,-0.1715157103597831,0.6808254739187083,-0.2983848613162741,-0.57210158814915,-0.859525921999647,-0.11759325513001936,-0.06943239306960003,0.6642950830021833,-0.5663144128311774,-0.24532991890239492,0.612364197014895,0.6459643657613166,-0.2311492208003941,-0.0817906352795545,-0.39342821830143415,0.8651097568386241,-0.7627124685168394,0.867472902277356,0.36776303299467095,0.06402419406757176,-0.931701664091391,-0.037642118573114426,-0.1584141758542211,-0.6371678465428249,0.36350975674468056,1.0037283877340826,0.2007326954812059,0.5124812217065735,-0.780571236402036,-0.1048841918297648,-0.7170462284154177,0.24260481933279404,0.852614319910933,0.2905396470654261,-0.8627667366143946,-0.29796427098848033,0.09831888374087885,-0.19574143428696428,0.6655697243999069,0.6292503494053255,0.223498336011234,-0.2531272316899103,-0.4893272524735117,-0.7882513635737414,-0.2902046330268919,-0.17365496558456095,0.35164508946927947,0.3166210653310408,-0.8582868059225338,-0.20386102509801285,-0.6222223143538325,-0.6614640172078197,0.6880911249683871,-0.8728796503359979,-0.11323653485416355,-0.6125453571061173,0.8082233993182804,0.15209170836565267,-0.5023529042606782,0.019403798955581985,0.45065614275062915,0.9005110890394508,-0.566434404583717,0.7678784243749005,0.8671690059674516,0.8328295786116434,0.2707254649101767,0.25963949556158333,-0.19355063981540796,0.5047957646075758,0.06258803670186386,0.35487614245658894,-0.1430841923024091,0.4629929280862781,0.6489430352090981,-0.7071132853845035,0.6659292585057909,0.08081353799980942,0.6902078729034855,-0.1361517590514606,-0.24050531350684126,0.8322987175137675,-0.4954502385933236,0.6906520484094608,-0.029376688212051763,0.031085186661865768,-0.3795831757432279,0.14878114917444898,-0.3481769717911677,-0.9204809833836419,-0.4556046929590181,-0.9874926697016346,0.9565553649800855,0.9314580818827377,-0.20968793112827117,0.456741708679292,-0.30838780317915004,0.3421863141719521,0.6108600860919582
0.8935124893844815,-0.199575448300656,0.5665959659120954,-0.46814309873576243,0.9806646075872967,-0.9484608024712977,0.2070576130022419,0.31901196330265424,0.3760911141482577,-0.759224842421822,0.8770595669462609,-0.6376334418998344,0.2455898052603022,-0.5544733609855994,-0.38557524265719006,0.09291674692709333,-0.16561316287084704,-0.6795487980469874,-0.6581271951583034,-0.1637104236744007,0.5145659565510015,0.7959292936955771,-0.8317446754812343,-0.2137921848811979,-0.7995088725542467,-0.9668150387348042,0.3234373652879132,0.20489888393317557,-0.6739617723702276,-0.5323743338138718,-0.9525844927109632,0.6698944113888075,0.9493860948877162,-0.7290663455302862,-0.5371014549085095,0.736591618971231,0.852439192549784,-0.16104659180516676,-0.8987745480800831,-0.9207932100499481,0.1486545632280016,-0.2132037463366213,-0.9421252818999066,0.16691419525175402,-0.9787986300061143,0.5740216238019862,-0.3867739522247694,-0.9192133044485841,0.17687770375643516,-0.20469721789609965,0.9475828218983582,0.08839885899581841,-0.44952163792598343,0.41887772926794953,-0.45701599491457734,0.8084865828151302,-0.25055605898524713,0.09973712555241043,-0.8988417576157267,-0.1477670689715792,0.664657511809277,0.61129163382258,-0.5513676686337864,-0.5491075473641951,0.6313754773597022,0.8554815430564708,-0.8143973998953755,-0.10666227379163187,-0.33349887639205067,0.734749395738844,-0.8373860160063515,-0.5825953242940174,0.5006665787121193,-0.8979744797350013,-0.012725889386708392,-0.11539393366066363,-0.3329469288598891,-0.21342177378525623,0.05807920674408315,-0.6782269566906299,0.14334201961514093,0.6106159970273063,0.5203218595803181,-0.6922001906124526,-0.7015010605170522,-0.46365126451017336,-0.27782470922349983,-0.18311987951696107,0.35933089278296726,-0.8873486308894512,-0.9333130599861997,-0.22593579627054197,0.3722612373918347,-0.6532155289089251,0.22339065692426124,-0.5662063394579226,0.6665311521826702,0.6812590912811888,-0.5088577508140084,-0.6378433365831901,-0.26814442305449415,-0.596311742887552,0.2827018170772418,0.6066102087724543,0.32091102504532815,0.6372607367088923,-0.20970673847930515,-0.6873286478161307,0.4757750471564491,-0.2792650267000261,0.34254292047597523,-0.45871211603646866,-0.8375407303866547,0.9851787079204974,-0.6876221898241538,0.9767889091318163,0.9534741016726745,0.5806005013257686,0.30190436910844953,0.11724696707969266,0.6583765605285046,-0.5395481634956679,-0.23174700285236313,0.023776746272556045,-0.42364788268820724,-0.40382577635471745,-0.6012204829692734,-0.13123800912861575,0.4715131138027858,-0.7537791520974875,0.7636118403170946,0.33119089313679634,0.6423188379878911,0.13871964222992836,0.5915626444361489,-0.9408798509431054,0.649547713323937,-0.916705304051661,0.7799992596178161,0.9838956811536391,-0.41186507564644437,-0.5793628874284127,0.5306311743244042,-0.4944023772520685,0.7266332366901878,-0.8121653753936492,-0.7883577856407316,0.8768011700583823,0.21375984361548747,0.5095289031385535,-0.5816461333724426,0.09873545647298161,-0.06389801277254727,-0.05567377431941384,0.07234514207687383,-0.1647550287308649,-0.41439901208276364,-0.6325000137087478,0.4510216035572687,-0.5442769972388415,0.4209343271664286,-0.46625142866327474,0.32147788262728305,0.5572862825809983,-0.5236260482325115,-0.8676472117939952,-0.736549198528366,0.21195198564694392,0.6988928124514711,-0.9100073894785126,0.46831980724421246,-0.3182436991355883,-0.05010399713841632,0.8351869206913314,-0.3889155369198044,-0.16551931346318544,-1.1093373072320452,-0.9994987883528675,-0.6419001938148636,-1.0817276387310601,0.14499997236827736,-0.2675057690654419,-0.06885543280090213,-0.8479907776029172,-0.5666861481227837,0.2313168436718695,0.9082071228666937,-0.8531852695923134,0.8198890460458518,0.21164813097240745,0.2072599966084116,0.09123041965005182,-0.793855085102552,-0.7928590910666508,0.20606197400975215,-0.31798712088836534,0.8345402206476108,-0.18673134210215217,-0.7128468162462662,0.43037187061878057,-0.4181734969005035,0.033310248033514143,0.35334870783972616,0.735623702859075,0.5062332786755481,0.292520363980235,0.3405225753368286,0.9098274950114764,-0.3695660347713506,-0.970083312559968,-0.478002257288243,-0.6027413484437044,0.32975378194038485,0.32728872805106923,0.2689629501003852,-0.8824734522188512,0.49707641857373097,-0.3085008930438171,0.4048488644854884,0.21382912472423987,-0.23331659736377383,-0.6924806294577913,-0.8040236849087897,0.6631189664828613,0.8367991328596239,0.29990708152890005,-0.7898120583542251,-0.1899537691661617,0.45984031249029184,0.5565069587913751,-0.764321038865452,-0.989605232026099,0.45235185570989184,-0.2085768475789829,-0.3659140454957068,-0.8295464558862358,0.20463535493760324,0.7860170303029531,0.955437825316877,0.18794883553886788,0.1515928380765222,-0.671032015952391,0.21281328705539826,-0.17370693003729065,0.244171733720557,-0.18738401202538,-0.4541087706168551,-0.7157140166863839,-0.2870621516578701,-0.7652010853923181,-0.6396240622787017,0.974689398224649,-0.11175542693395002,0.06453324170752675,0.7525341778339751,1.0004943018756693,0.1768118789608486,0.6432870170065857,-0.30667787512036415,-0.310357541785982,-0.06183163395150437,0.5370350236270727,0.5734438697600521,-0.17875344555708533,-0.5823124061718858,0.3811763894194563,-0.6469450003686114,0.27451798365372176,0.5488889325212343,0.5241754772539872,0.5608205788667786,0.7654238385865406,0.012274692096890886,0.470640747823988,0.2684557009045326,-0.5754995379179885,-0.8990197034073254,-0.40577555834562584,-0.11035941307951129,0.23439137492238107,0.6999738782913456,-0.6061509557930116,-0.7439877003265595,0.9363901172497091,-0.764842906489297,-0.011884686842812945,0.22792744261381,0.19958366372467848,-0.6381427277927557,-0.6491021657324975,-0.5606729135899142,0.35271159876765057,0.21515805167705382,-0.4231469564503089,0.39658709407778076,0.8021076026329517,-0.7533666079678512,0.057324873357956926,0.3745309071629233,-0.5044264156791444,-0.4061644562884918,0.19405216286364096,0.778850260563389,0.6214949861996755,0.17671382997432084,0.46696209850090525,-0.26949523168490264,0.28204840962105976,-0.06758742755209472,-0.6191200186483166,0.40687944862850234,0.12057614232366368,-0.2653513216535792,0.8573138171127349,-0.8914374205573826,-0.23833290120734554,-0.687997090356139,0.7648277929441893,0.6179556797117494,-0.1770124328018203,0.44839765757357136,-0.09420470760137462,0.7086471996579552,0.13063782590644674,-0.012895858412381254,0.9099813026688232,-0.5125055174708887,-0.7892199713546386,0.12111882732508256,0.8853608028002148,-0.27653400753174384,-0.8886256105547029,-0.32351360474653706,0.012074365972096934,-0.6761245989628443,0.31617253496496756,0.9954995846819966,-0.0961004114433702,-0.2884528663959909,-0.192232849812167,-0.7541637070318381,0.7999272970971328,-0.09946870329765525,-0.09730982427444665,0.49735907992392514,0.09425594616169583,0.502240307662386,-0.7258989696844025,0.7265883568376749,1.033603219030009,0.5717219485976889,1.1555637594892403,-0.5310888887600594,-0.004853180741122066,0.19384508707061424,0.14201201234561026,-0.2401868719782503,-0.3689413313923265,-0.7758774974586211,-0.22941722932111772,-0.6789546480372288,0.46732137358210957,-0.5824560964019848,-0.8828787284856435,0.10473253978438031,0.19052947577391222,0.7448237958280237,0.15868521806928942,-0.2955421920398195,0.6383530294939157,0.1450873675732395,-0.7376965788733325,0.2643699887689364,0.9855611126486593,-0.03280169003435279,-0.2891533162143871,-0.6249832131856153,-0.5072316719111777,0.1489627584510218,0.4169907266323374,-0.715556492330608,0.8890573271848828,0.515108398729021,0.1957495935770986,0.6613150053834459,-0.8532144576441839,-0.06365689400600842,0.2504526004840987,0.6524887552388106,0.5638285553508783,-0.4474638759135741,0.8812824789777943,-0.7512276811064721,0.7503094197393151,0.9423600253848861,-0.6418835567398112,0.4538881865761108,-0.8938986944616034,-0.1489524026366265,0.0797643470125181,0.212268470329252,0.9374333319866172,0.3983773717065233,-0.0225458138615538,0.655593144435459,1.0558632815761613,-0.7497629939479561,1.1162299853169544,-0.7903277292255492,0.6084772876366229,-0.42032214499177983,-0.667935120567601,-0.050019623144623215,0.3082942922271125,-0.23662033986495354,-0.8903193653029859,0.19565408168638238,0.7998080588235358,-0.23611199384003684,-0.5674852184278618,-0.1148185177402825,-0.9032746667170071,0.641322915214095,0.6544358576521175,0.17696033315810122,-0.29516872092514496,0.5820541316552719,0.0690619650883515,0.5918069780901367,0.19855314454262613,0.4892935456056331,0.12329428886695251,-0.15922820588291556,1.0133526036576441,0.21525402262752263,0.2812168294065872,-0.591294094228988,0.21178677816368038,0.17126839710825548,-0.5231595007231803,-0.7715336725264086,0.25758764623174013,0.5462914332509208,0.05027544786306175,-0.5525320386506367,0.3251600607231273,-0.8440358727775957,-0.11704532585976272,-0.6732642692281561,-0.6310801564739409,-0.5952558531570884,-0.22863778538323606,-0.9098910598512606,-0.24542890237750817,-0.06570586238565829,-0.15785487888801825,-0.39376639163879257,0.5091026166197903,-0.8636847351815345,-0.085047001513262,-0.8518496119039465,-0.7669058491515268,0.2574056836448267,0.14289414238120005,0.6787310530035435,0.04665241518492353,0.9300099885738424,-0.7947289125500464,-0.6920064691207191,-0.8567908682800595,-0.6147601522488493,0.07466692900956064,0.2742753589506966,-0.9240909502409231,0.8859345336114473,0.6840247913435706,-0.40677503568581375,-0.8455731285700556,-0.6603333822095684,-0.7536208604517699,-0.7832380321187102,-0.04411984733150607,-0.6487422830079502,-0.47010497387697114,0.7571738054269443,0.1436532854267744,0.7087311866100874,-0.807328116241804,-0.22747087522453344,0.17284549699597454,-0.7855084903415687,-1.0212852175029914,0.22208048192833435,0.1608535502014514,-0.22932574831918215,0.017041088414071683,-0.11519957447423607,-0.9424875474979365,-0.3599324048893238,-0.6891187810952556,-0.845703160801692,0.8859037834289648,0.1920934821916486,0.45684906822481164,-0.3692697057988797,-0.2136769744361911,-0.5260414883636163,-0.8171346451389067,-0.6914078716335442,0.48820708397694995,0.1915170174646155,-0.11918612036493134,-0.2904569424352999,0.5945824151456583,-1.056956953226464,-0.5289070880105988,-0.31865310036706457,0.5705581880009797,0.971508296504816,-0.5895561446250918,0.5735377977264818,0.4717463757322628,-0.6856052681202572,-0.27070135313922555,-0.22475837661036085,0.8786133793137458,-0.7403766154312021,0.5004797111712876,-0.3986920242551385,0.43038211782756763,-0.16442777655450713,0.15633673515505378,0.6652345095709689,0.6084243134418532,0.733054584312458,-0.8943520846136388,0.3230076002849575,-0.8278895838858848,-0.31453852064476356,-0.10348358344728932,-0.44018443899403287,-0.21731897395007954,0.803220507406395,-0.8160775859882958,0.3045381266257996,-0.2683726908379627,-0.8157962030253119,-0.8046736697765352,0.6924373100844806,0.5332502077878714,0.6091234320442048,0.8249858031005322,-0.7143806098959956,-0.43410259163091774,0.19431137482954472,-0.14079055183419253,-0.22611271656563556,-0.3089841771014564,0.18316697538523322,0.1510316151188611,-0.6770843318715198,-0.0565759539099748,0.10669218106434243,0.12577600277895518,-0.6395492313140986,0.38413744946270195,-1.0660514432012618,-0.45319598305560593,0.3461970486935132,-0.08277556261277084,-0.5879292502924636,0.33707076156526516,0.07086358600900755,0.4724544241135863,0.32313355868602534,0.06701712709297024,-0.2057533174394806,-0.9336779745050036,-0.6826607565068117,-0.35600784815193987,0.019954637995038448,-0.14048177765252598,-0.5601633597199989,-1.0748912496652752,-0.05599224313690792,-0.4422380524124266,0.4663957297998941,-0.9520879370414271,0.1696579597843149,0.8828864379153694,-0.6522556340517496,-0.06850240804109281,-0.8601866899946086,0.17569049576964021,0.015107051876234769,-0.2981648660145056,-0.09389211048002812,0.6919539091529041,-0.6041085605080146,-0.9356405042816428,0.6771908825907835,0.03764482136329074,0.6405434678252697,0.08999280215049703,0.5166569306829261,-0.26670738236164865,0.34041708473187376,0.6548877283083991,-0.01742150849206415,-0.7838950215921784,-0.5698500690141887,-0.6699743725189538,-0.5390724899976634,-0.39491734905893977,0.10901094550006918,0.17598321662389893,-0.1469982413801926,0.23085596602929945,-0.8375314918524464,-0.8314156742552105,-0.6792166175094226,-0.0017750366622023605,-0.6129719349955939,-0.4735984911045387,-0.22217738891624647,0.6569281355009406,-0.8501296325359019,0.41496146853633975,0.3886296120581297,0.57519541103625,0.8452988033464117,-0.9113173161569962,-0.6444103821847637,0.7732633670555028,-0.14021646235163723,0.04065895468145867,0.22340598428921665,0.26224701797534933,0.7926272463877028,0.9507540753953148,0.4237508822603003,-0.42864356972095247,0.7594495562822562,-0.9015582490177385,-0.5378382942510076,0.7947714349274297,-0.48778043050351233,-0.5607475285723136,-0.7282706542637286,0.7161750041276752,0.013272942206409748,0.3991682955089001,-0.430889899013266,0.6527007250501539,0.7272948910773106,-0.14265939277797463,0.004227323712145832,-0.45207287721002526,1.0800332508374038,0.4503517677775541,1.0110560464502216,-0.3064661597598091,0.5816893716520221,0.5198812479687419,0.3548565416593329,0.8960839993210454,-0.23927305211711847,-0.7533050074511745,0.3391379209119858,0.45796695949073457,0.15011111507328287,-0.5863642137332075,0.008911883338710735,-0.3756205268617412,-0.1452073047847454,0.29004691538672206,0.4913526638152454,-0.5288894010364885,-0.16487595227833327,-0.40400160460679535,-0.5125951606884062,0.6854039145068136,0.9638774484975634,-0.11651474330995483,0.6158504150507111,0.8813450851607451,0.7873497160188648,-0.5233139658751178,1.0014062513936794,-0.19218493678983964,-0.2957632443149726,-0.862893962109571,-0.02442766246886706,-0.7835640820395273,-0.5070039369674986,-0.36842863779243695,0.6164770788894681,0.7505128507942822,-0.39510928788331645,0.7173962424891478,0.7144618747395821,0.529301900769747,-0.7066211714120961,0.38102456756206055,0.8914611777295026,0.3691199454435472,-0.3222438418915203,0.03640206640884154,0.35091564937488867,0.10239849211933502,-0.6689180915791858,-0.2980959857653057,0.6519097822341394,0.7566283847544175,-0.6872808125368505,0.9451071352548304,-0.3132408939756094,0.3359428410013109,0.5032466971780482,0.6216259768137663,0.8886699850770148,-0.3750745669276347,0.716763624311566,-0.7367776501004412,0.4101661391822964,0.4839170400544804,0.35540179508320996,-0.49537052772969403,0.7460862940304067,-0.66228307325921,-0.8927304169583383,0.4349114195772693,-0.048914821080375,0.7001515123238584,-0.22546795987675977,-0.6472215313319816,0.6971633991101874,0.13245398493865096,-0.5794320169113791,0.4719179917733153,0.03906935712232509,0.22398573044057452,-0.059383333161597815,0.6746326421824846,0.6701491150704407,0.42392117679879115,-0.7874495293902579,0.6778869724044211,0.34093977236917355,0.3940224941218894,-0.2739247265484206,0.7585688847549157,0.4507447569772352,-0.7747999178064956,-0.18444393118767466,0.7727607239202834,-0.905606596605242,0.922833239284099,0.3583251366391256,0.2627519552867532,-0.458853862511589,-0.502240132521601,0.8846013643943992,-0.402692712821939,0.5520440986206121,-0.21112366192174217,-0.7164954550192081,-0.9742044561309031,0.09121507555685587,0.954344258324757,-0.2565932119840745,-0.28041328427488904,-0.3073738906288162,0.04464456311077949,-0.11662963748368899,0.760501103493802,0.011240326397272894,0.015675744088223427,-0.7230836334126911,0.9655006351426272,-0.5000542182623406,-0.8532718650807947,0.3262924979504176,0.19073274031374532
-0.16970869201450856,-0.15561553223864388,0.5701278420928624,-0.6085747198007019,0.6405066378897795,0.2974942277900363,-0.16206045244095124,-0.08394276683226276,-0.4867055856278084,0.5042286653939496,0.0257494846105355,-0.3582909145003128,0.1921054161673471,0.9915808929221683,-0.12936345181346112,0.841387467760298,-0.3099663201508678,-0.8905345861500282,-0.5915157872631422,-0.1626097133446316,-0.560730142810862,-0.9995459235634889,0.8300030754950545,0.687758822461858,0.48458446297389424,-0.6643708087079427,-0.7592728475800279,-0.8647905010552337,0.44805837754584243,0.8576159213757706,-0.13892835817392601,-0.7617186560079037,0.024787080088211542,-0.30233077262392677,-0.2503227231753656,0.2426839743775181,0.4372248042167987,-0.7789930937459278,-0.9288985032124257,0.9886380968292042,-0.534486235431451,-0.8919777039240985,-0.6195609850335557,-0.9215985993964967,-0.216389927984762,0.6048665038356774,-0.3173384013093483,-0.11145469002663619,0.3512360266870777,0.01790796403248336,0.7230496189141454,0.7321116939137897,-0.9801786090176927,0.5560926129663983,-0.07853279951665226,0.9776810826073261,-0.033535848249129696,0.973791890776595,0.5091412085182166,-0.5027894364714515,0.07680800811134397,0.9842912417076862,0.7150820098337765,-0.8053882897943404,0.41176307346797375,-0.3105227457192214,-0.9885212956139268,-0.1957355039568836,-0.532512589502126,0.6396716628261595,-0.31890390393237467,0.6607088132344368,-0.9963652924334064,-0.3840777446093992,-0.5209768086395168,-0.5366287687364659,-0.8663030118817124,-0.627053930957471,0.11093359492395928,-0.4171441074017402,-0.16520277690222623,-0.24626655699284022,0.7518098499997892,0.8105979980210309,-0.014086056688279891,-0.3396880993687912,-0.7863855455201111,0.9068009927590964,-0.8794528930810502,-0.40433863503474987,-0.40380316293871393,-0.3598985616388289,-0.673644194312791,0.5626720816026347,-0.7612496508611363,0.26095768107410605,-0.7571977113520368,-0.8533686369913888,0.8251585397649173,-0.6144670929342115,0.6393203530052973,0.0750451369574001,-0.8650552413627021,0.8955337666213996,-0.5147035253234042,0.7138924848018193,-0.6641435216774317,0.7075404566662643,-0.9737033504128461,0.02356546624593494,0.5388836102646652,0.8695910349855667,0.8184042724129741,0.6392496818790084,0.7763922003947873,-0.6013200515725035,-0.4320768897805478,-0.42444497095300515,-0.25173671552447185,-0.22637258932194768,0.0675890756098833,-0.7137929446695817,0.3378718273580457,-0.7038685378814733,-0.38591701985244714,0.01610311525452053,0.6040414856912206,0.5209324418173111,0.36221697296472266,-0.5827272023382022,0.20218589722198427,-0.7273041706431669,-0.19380783213466826,-0.1626846142827035,-0.9248918512733196,-0.45782334433025956,0.9070397841279838,0.905635674500215,-0.29550287561009037,-0.9138255706269447,-0.6418101213436369,-0.21556441313291974,0.8955762372690114,-0.7177327671133065,0.5232513413226775,-0.793803251987303,0.937026312957331,-0.281040047210417,0.47865490462111493,-0.42723087861468984,0.1088487692907048,-0.745582698242113,-0.7934747829383162,0.8004692230321114,0.7505675246437319,0.7043289472989906,0.2225615143606753,0.647343642134229,-0.7593272754651277,-0.22435066262374453,-0.34697525446778177,0.2324419345853745,-0.34246808942372237,-0.7421915666904946,0.17206758941722597,0.6208622083709634,-0.23737710820098532,-0.7355998274993241,-0.6066236053743539,-0.5250341273982485,-0.40011015379968107,0.28394656554335973,0.19297333345467865,0.3743023747691991,-0.308129141998253,0.591433815935555,-0.681598066060262,-0.1955811375632854,0.4449772538913766,-0.7491006297253274,-0.8302949171689307,0.7307977164584545,-0.390592948996046,0.2528147860969632,-1.0413939092461315,0.33208467411258225,-0.3437634373080575,-0.8568550903823018,0.15648847878765892,-0.6313351137136185,-0.3327749452757993,-0.9190564444668164,-0.7521099806352127,-0.42298170415786274,-0.8255017917320285,0.82120412486572,-0.9879044304424807,-0.03217786421537105,-0.7525368667870344,-0.38310379646301473,0.8463391169794231,-0.6806118121083913,0.9306247606668898,-0.5980990270565346,0.4364819167493172,0.023353745394315558,0.6989963854609531,0.0972773157013555,0.13997611568137736,-0.5212945355571194,-0.6300577791490152,0.7927130439201622,-0.3763932813693268,-0.2523628729490161,0.5466002973735168,-0.3285617935839323,0.796925627418472,0.336073508229955,0.08824896629588427,0.6674245021801131,-0.9715213249754843,-0.5186673747476472,-0.07717526581590607,-0.5462515358299791,0.487819669076586,0.839002732028975,-0.1467704525026756,-0.30606343722079105,0.9324179251489325,-0.08671366801483793,0.021624286531720903,-0.25838752929416275,0.815648739775988,0.12661426815670132,0.5254398855254894,0.6743424921653531,-0.2047340275447544,0.016244576043095867,0.81766884202125,-0.1827498541129493,0.6847899254008856,0.994348141965742,0.3500213688681457,0.4976810762523982,0.5438650520543308,0.608321961465951,-0.2638028180402704,-0.9571983771833396,-0.26601585385602494,0.3072137488475127,-0.10708516880467876,0.4972855570315947,-0.2859057301876735,0.2709293213591546,-0.6193433046556432,0.5155268483692349,0.1186969954536941,-0.5471790458583276,-0.3657546058086212,0.5196500975758717,-0.04757070519573756,-0.5787060947227757,0.931958620183776,0.438748101731274,0.9668815784999301,-0.012652928026435844,0.10357203426255816,0.9502911694369158,0.22806890962418566,0.6040876365825054,-0.32492651840029796,-0.02482127954153845,-0.7291968772130194,-0.5560924517231339,-0.9691590113419712,-0.9252497325205342,0.9133842523457676,-0.5443869972349809,0.3199270162708606,0.677668534619732,0.10155215836597668,-0.6916893113350902,0.4639450599346206,0.2184176086832086,0.49314433706314376,0.5769260817889664,0.9659033050454433,0.10876883392883305,-0.3696454309288788,0.2616361161803939,-0.8937445863496369,0.7332439440891573,-0.7859825793887945,-0.2649024879360138,0.7666206589695421,0.3607810626922092,-0.038891988752228254,0.13663527181965246,0.8688233250531681,-0.21104197347550696,0.8237531128709255,-0.714080079146904,0.6439732234410326,0.7369949228809652,-0.6447731238538549,-0.15637029211681652,-0.6730862078245053,0.41315032932038026,0.07076539504770439,0.2721004530319719,-0.6006360208446522,-0.5627596844193898,-0.8962585935102931,-0.3428814431024282,0.08732873208234655,0.62670202068872,0.25616992478488837,-0.18003313537406707,0.8097327741678353,0.264928753129974,0.6814469946992956,-0.01633867894064763,-0.43087723869425787,-0.8089657525576647,0.504432775945887,-0.6585048199992979,-0.2889396551447521,0.16212363469641644,0.23352176802648356,0.3377002425940853,-0.5360827393860133,-0.1625411379743638,0.24976173117363829,0.9333676527522061,0.45371024327318,0.845240362862796,0.5244469942242813,0.18435031980241542,-0.6121647439655403,0.3408118791138314,0.25302061743251086,0.19236728312509205,-0.09398945908811407,-0.039921914670842586,-0.3909521280437685,-0.019602092167633076,-0.7539610181051248,0.30712083535707013,-0.9943798897557498,-1.0998975410773268,-0.2402414024055323,0.20566732181054387,-0.2418920443692288,-0.5067805803854043,0.11874318411731045,-0.23538653076627783,0.9673276754002613,0.9944074050495274,0.15198165208600725,-0.25406790497432663,0.49707430491279464,-0.9265339250728091,-0.05060287816030131,-0.3272281763217823,0.8410729974318224,-0.9757505498618821,0.10755130011875318,0.48540077286773986,-0.032421066217339915,-0.8631442768670284,0.8554787942315039,-0.03488283737903346,0.19389514713112485,-0.5635063617916024,-0.22122642456874436,-0.5532038290903812,-1.3735126290532362,-1.1954806163677367,0.3879210443435507,-0.8155058373995473,-0.8964152474374952,-0.21391838657773227,0.45119202921848295,-0.8376771511877801,0.26505762488370255,-0.6048594863266179,-0.7841324897969263,-0.8141633719927474,0.6872032986677169,-0.7629761071047307,-0.9095356949227345,-0.12420851630499088,0.6879606500390314,-0.4752316122313183,-0.15532535595428412,-0.9181916930089937,-0.11075406581489092,0.11389184921520104,0.07137230829331041,-0.36349504927699755,-0.35900856144220206,-0.8025143171968682,-0.47485145918704263,-1.2511404861255433,-0.024192162084791694,0.47092648952025157,0.5347684568499509,0.3419330999371486,-0.18614758900826062,0.1254052722317962,-0.5475722820129963,0.26980933810974334,0.02674416623052142,0.10278823683420192,0.6202137999303449,-0.3907034220698518,-0.35984269014248105,0.8479966334612482,-0.8872729461941748,-0.028722747107921075,0.8255972640500568,0.2206026980624231,0.09333321592830071,-0.5009912880033234,-0.3220618005710779,0.6737084436691998,0.08438181065523696,0.032359975845150275,-0.7627364678489292,-0.9564171516503447,0.7589929923824466,-0.6051575509956684,-0.18259395563155537,-1.149582404912821,0.10072906040540024,0.5821514268341427,-0.17193105848581197,-0.9767650499122343,0.04710845243300699,0.5566723235535136,-0.05868670577694932,0.870904455879326,0.3542541191642844,0.8092199948100763,0.24009638064816194,-0.7403302501269506,-0.380812601515448,-0.5964508003556405,0.8176774109960611,0.520742372982078,0.35244481161169144,-0.40150613463081153,-0.6350953845354064,0.5066299517535623,-0.047318338363796605,-0.5038904851011167,0.30285489451592534,-0.8692267614824388,-0.41199939272495273,-0.2291151862921136,-0.8594899694003065,0.872280636832913,-0.6106717060390616,-0.8593409115749999,-0.8098104530128598,0.3493718874860468,-0.23433669623357606,0.1895115869404532,-0.8171901138441677,-0.833830441784994,-0.0806443143362308,0.6214019709782109,0.7595592813233172,-0.8298023911078439,0.07612691668530869,0.8264436804551604,-0.22405449120422727,0.659165125597994,-0.7333691876768399,0.8644770954949129,0.503816597279371,0.8998259774116156,0.3941169442959612,-0.1927881689542865,0.9720166524368957,-0.38340980485438575,-0.32222770019636787,0.38036948049161184,0.5285087796461371,0.9430954630069466,-0.45062204685333285,0.5609847029610814,0.3219755540881777,-0.9943744601873122,-0.2740069001115858,-0.3859792948426538,-0.2890400005050923,1.0069319341030984,0.2701902782811015,0.40764116067074074,0.9469793916440942,-0.24608889830122863,0.6038222086490866,-0.13093377900311162,0.7390755134726782,-0.6386809060499102,0.8946175029610715,-0.5723674189010793,-0.34509280215346483,0.5384199067642617,-0.16202277170181925,0.2988820245317898,-0.03110828395596994,0.5517227978656142,-0.4627232977414849,-0.7884331319837632,-0.26811426682742845,0.1915950393421701,-0.4314642978170919,-0.2566904438965639,-0.3052193717177828,-0.9783296053896887,0.09720603436198591,0.7498467730502704,-0.6745269157362831,0.16958550533821476,0.283948396568797,-0.1887530397116386,0.39855190256130907,-0.17900550474303942,0.009322149917848936,-0.9851779535410964,0.3834412636092446,0.32271316530674843,-0.9241195586416359,-0.27476670173568674,0.9556128368152649,-0.13978917973079782,0.03877117096487428,0.8668139602494473,0.47316703416255745,0.23311145938692945,0.7004317858962162,0.8749930368364597,0.14439484140601122,0.27126441977374083,0.01241324347585756,0.9672338291883018,0.2878436779745697,-0.9668389569388767,0.5911873210252688,-0.1268719127543147,-0.9203174383504475,0.027385793096481464,-0.2188497905093105,0.7344483065542424,-0.5934963953631178,0.6536316461522806,0.11536650368255096,-0.8907208355926217,0.9436906026509693,0.02522549368706081,-0.41886737649294614,-0.06950218337552022,0.7125121649158832,-0.3804111176479633,-0.6000894639490334,-0.7404763243006746,-0.40498443145796353,0.6222446394779948,0.07056966326700334,-0.35780237234125783,-0.37808182978020655,-0.027340677579317765,1.0464684303312737,-0.32538995521513425,0.8247584476707236,-0.23146230387001507,-0.846301110114907,0.6355769894905265,-0.18620764343934776,0.3373994770156551,0.9272775594974862,-0.9102498451206731,-0.8059233769495237,0.44198859777024674,-0.43602245957263847,-0.6314106782752892,-0.9212664282172334,-0.9563329694260674,0.5477403686129602,-0.7364051967789523,-0.06838530075900663,0.21488966231722756,-0.14346280773398684,-0.9581667883897176,0.5595165002491892,-0.9257072948172397,0.6511782205035171,0.9810503491110288,0.11099377513613459,0.2553520706231405,-0.017440815671178764,-0.33428463502923716,0.5470410208061097,0.5253673884220328,-0.562507117872785,0.06567893243882733,0.7449326128788731,0.8599236323650707,-0.005327616478937538,-0.0996356235405817,-0.44219285453343615,0.9182308132736835,-0.7138883562232273,0.15966804705489882,-0.4348899594488933,-0.44198090326239975,-0.19140580920375566,0.9933884040453163,-0.8965950077022083,0.1526565759649329,-0.8429705329923521,-0.6940094978470781,-0.11755844659891972,0.03712638300518094,-0.41790545621037983,-0.24683840816437552,-0.7110044678523918,-0.3740009764998341,0.8081425478021534,0.6612290794079166,-0.6025847833975423,-0.11657157392368658,0.6124578069503132,-1.1109225092877808,0.5483701804571106,0.8571925210499689,-0.8318833305793657,-0.6824620906902443,0.921258697433224,0.07541940168456689,-0.9714020324517969,-0.4847195810093442,-0.10011265146228077,0.3858178220495354,0.465709267781262,0.9881598496142594,-0.42961439708275995,0.0691051023971389,0.052676744705878985,-0.1983887115253516,-0.6741251463694585,0.9262352448847838,0.6993301393043001,0.02276768964529927,0.20460217438853143,-0.6373417317841288,-0.0928785775216793,0.15996278481100865,-0.18948247527501344,0.7966443498391654,0.09860801017098404,-0.32289278357664136,0.5041734342667846,-0.6815225145937979,-0.2412519023250064,-0.31059224894054005,-0.13675125034495844,0.5635678116449121,-0.03147194126445926,0.5880289005319255,0.1529778062797318,-0.3158611306848893,0.6196497684238214,-0.5242565211724713,-0.5498506036773011,0.011285121046361592,-0.4799994084500703,-0.9896423973687896,0.2589389314710202,-0.04937092515322874,-0.18395311171406836,0.8534605136304111,0.06546223680267264,0.6312006034694992,-0.8256749476891063,0.02753257008767951,0.6336385541094174,0.08660013581727705,0.38130297916015854,-0.28002663149161877,-0.8276983841764911,-0.09310680442414271,-0.21589535959364617,0.7316806508177894,-0.5126984667257722,0.9334445224295013,0.9162871918659508,-0.5047367138571226,-0.30389608904535903,0.79111148174777,0.933179037577684,-0.11279202149179438,-0.35566521935901635,0.056829731048191376,0.382792079087748,-0.44064122860097577,0.49057633471184575,-0.8520954629944806,-0.8327244599539291,-0.14459341242803045,-0.20323262314613788,-0.28753094103910043,0.03553270029565705,-0.3188460955593741,-0.597008424878617,-0.3846657871905893,0.9379659540038137,-0.17817374880652334,-0.1089072144692498,0.15419730576016322,0.9665346119191579,-0.5175815661894744,0.3624830626773903,0.4319372565800743,0.21465124231657093,-0.8228433207267118,0.35374455165515295,-0.871810577927649,0.19228529909979386,0.47913644728189936,-0.5780865838220488,0.6843167828535036,-0.9364792093163651,0.6916763207475621,-0.06529634939329579,-0.5246030216411046,-0.6789912865399261,0.9542288785644099,-0.7941936374884697,-0.5331728505826353,-0.25525602457047014,0.2800773199067918,0.11597611464300984,-0.7433022152354506,-0.4218472901927805,-0.5209350772152815,-0.5723997264515025,-0.17709129412454053,0.40809085964948927,-0.5650893699343889,-0.266639831990201,-0.21816433553162434,0.9529130588708203,0.9093327137581377,0.6002751655041518,-0.5166821583616297,-0.8639253718166606,-0.3661917245587505,-0.4663982300724997,0.011951226968492367,0.5557216470800849,0.7172646355946186,0.691613449674732,-0.27721600271648,0.3807839970560935,-0.36711715886874563,-0.868957701752607,0.41573663208745487,-0.9667833137470747,-0.17092775683648037,-0.3328355307483207,0.3920875665595649,0.53567239923171,-0.3897068749760894,0.6240725477625733,-0.41200671897321284,-0.10731922695316826,0.4540388876854703,0.38584045844957715,0.9747369446244001,-0.5496779515681363,0.3246358270791647
0.2193638165515548,0.8301969089800598,-0.6872757167102499,0.5035963271738659,0.1365372325375367,-0.45066826042418917,-0.05113017170565182,-0.3324468058604044,0.15862680557692177,0.7780012216293317,0.13860996882440402,0.2634448366531681,0.0374970874206479,-0.8976653511908419,-0.5342822349099635,-0.0159965139967575,-0.37952943251059046,-0.6364728044776116,0.008265683836876647,-0.35438041310429935,-0.48378471365317055,-0.0720291651192384,-0.7334314838356537,0.8554914661508146,0.735404195838478,0.41524117148107065,-0.7875723448230876,0.551754508939386,0.615914656218038,0.5355292354286754,-0.7720682257615177,0.2878159141355294,0.6686674034451786,0.15477307738954066,0.29326298315506594,-0.08241527923552541,0.0582210764709432,-0.9300437415771438,0.27990846386834806,-0.833265183648153,-0.1258935277082597,-0.40985537905888053,0.09580222199302045,-0.7295223864756988,0.385288717799774,0.5919470608264145,-0.671251520729029,-0.7891891965700398,-0.7072325050864096,0.754747692181471,0.056799423938215,-0.06517368054975817,-0.7865763617952914,0.2991120135139236,0.7359991837901798,0.6563717386469059,0.2521094179616026,-0.8494425666966527,-0.7752053693308533,-0.9013818794970233,-0.4848590099539343,-0.7285164931174122,-0.4785430157286972,-0.22753302751965382,0.8889880437586358,0.22527876657450252,0.6793356815211271,0.4380038465668525,-0.7427149957907256,0.5236672255552438,-0.3817787833646367,0.3400255853834884,-0.27331689173607765,1.0375989489574495,-0.42606998372918936,-0.4018613527393341,0.8870356247161475,-0.9362532672482,0.4004626508565367,0.45280627714118055,0.6732891398469325,0.9490300364626733,0.9512038383133048,-0.8694464848670722,0.643678645505805,0.29261986731476264,0.29468449487886206,-0.7432132609594692,0.300463854575518,0.9651863177050409,0.8240216639989554,-0.12151292025307443,-0.9210620045382714,-0.2789634197631458,0.6533648699725114,0.41391960585065124,-0.044734019630799954,-0.8111133287714303,-0.03828388437518925,0.03262655355109555,0.9386059970578279,0.3748496083563292,-0.2802620562400545,0.1269146840379328,-0.8199056508111908,0.9689646379626075,-0.2694790531753159,-0.04051993854697452,-0.2870372221676209,0.3656526356484012,0.3245920494960232,0.4306446210582713,-0.46371354077615834,-0.3686591956245234,-0.7495194465841596,0.311137614777253,-0.9198225497594303,0.1955914123632685,0.7391832340330273,0.7829742787477854,-0.10180119020802383,-0.08020178688130464,-0.8382848588276497,0.3538580768743866,0.6579654456115847,-0.4802036030823817,-0.1307810312090601,0.6902594121748414,0.7840031408559975,-0.43532990048181175,0.17941038932013756,-0.5777769241586901,-0.7997897946749742,0.7967118404439881,0.6220217502745444,0.5176676924404671,-0.895068501228255,0.6909984794701645,-0.12385152725636682,-0.31517307137664635,0.09295272205075289,-0.8172935145528883,0.5133191827197209,0.16534107906813264,-0.6234276709739953,-0.6161427301483879,-0.6155521425690612,-0.8674241292859655,0.19401152262608662,0.6936860606534714,-0.9348335695733843,-0.8541923937816787,0.18951734529743078,0.6489682455492382,-0.3502599574548413,-0.28247849800878794,0.22003715220697556,-0.40992912127788383,-0.9176027614898136,0.4599977785151773,0.21199465737845058,0.12429172885627016,0.4638645973765753,0.36120125120164315,-0.564727286545324,-0.28325559313549853,-0.7455501090963592,-0.7402006428778214,0.35239149271307846,0.7172031460306608,0.9254818522833491,0.259006497450854,-0.6239052359744274,-0.7706525821866852,0.6572493792793838,0.19846569061813546,0.26816377220334836,0.5748836150518205,0.4181404655721155,0.7233539247384615,-0.7952206843251592,0.5330557861587508,0.7296365658972929,-0.33272851623423844,0.3852620669096269,-0.3179860151515942,0.9066383194502599,-0.9575531482771997,0.1259508062733037,-0.6792977756603455,0.437169994279211,-0.6066968083678254,-0.4834609090303474,0.013409003158236595,0.8358497040270694,-0.5761322021105302,-0.7115195836320705,0.5183509464911518,-0.00030375325635086006,0.8235915106694863,-0.7013838125383529,0.3088546529901305,-0.497925947285868,-0.6403712672349349,0.3690952974847265,0.14916764567699436,0.4797089807522657,-0.3134962208288723,0.007835289345628698,-0.14390433884982082,1.025717601578001,-0.2397825454912539,-0.2220888349067901,-0.2157796467576418,0.10244213221039865,-0.543976873111152,0.7717857450610889,-0.4995427501886101,0.7942019886030366,-0.7518105143434789,0.36026438601738603,0.8421916696160192,-0.6537504728357525,0.9371458658990254,-0.09422248091356984,0.8912813112296245,0.3484547150020815,-0.4040662344399241,-0.6320421880728483,-0.3933616463018307,-0.7943941721474272,-0.6978878906166598,-0.8298839317275819,-0.23687292186556708,0.5451952192575014,-0.6387083599900218,-0.6368851692114946,0.3308386212582532,-0.5412714039922715,-0.6246770631717551,-0.5158485105944807,0.853854521748742,0.5609494738723023,-0.3880655473061252,0.19949981833361188,-0.014424494988819588,0.31884067460731275,0.3780165101816964,0.2847101496249583,-0.4472960805094356,-0.9147812315489378,-0.08848857153151851,0.7819659377725046,0.13848858772083483,0.6572214962220185,0.9701352970119413,-0.6912637150069142,0.37035436157768437,0.3525792115007802,0.9392441205747024,0.8904660961914531,0.27372463422835425,-0.5514999003599289,0.6302984814101984,-0.719278166278776,0.5948848006929965,0.8653751427003493,-0.14205230947637082,0.2760199235858109,-0.22652740991243744,-0.24795593447176018,-0.5286739406846183,0.3401557574100638,0.739844111364444,0.8224034961185965,-0.652645263183309,0.7639464599247731,0.4849859919606406,-0.49078192667144943,-0.8648233018926612,-0.4639786672009846,0.8231862349191587,0.2593860909208049,0.42833369329820437,-0.5064409992869023,0.42429048308841855,-0.9440905692268502,-0.2845120168956911,0.17163155393094412,-0.7662282359434626,0.6261931815834338,-0.4986237593449872,0.36344395875311275,-0.12368407246109606,0.2406438570222429,-0.8028877845061583,-1.088577262649843,0.6382092655387523,-0.6204368282031774,0.44599662304977683,0.7935436122650003,-0.6966248272409007,-0.5049891588439996,0.3312144004044679,0.9424067781548657,0.8374491308624568,0.006874418967125106,0.5902317105990617,-0.7284894398314192,0.9541491750416126,0.9236691122093055,-0.6841436114812682,-0.41764615170957314,-0.804605309939434,-0.4483957354174558,0.611534572976695,-0.2842543852065264,-0.8250136714088611,-0.27537456158928475,1.0412412514046736,0.3777092582148674,-0.0491430484723102,-0.6649250205367359,0.8228750867743433,0.4193840681499833,-0.6414571525355717,-1.011686760294438,-1.0576294993492028,-0.9340701068943493,0.08501374868682257,0.8716417972836352,0.027637929721472103,0.698334721860532,-0.10607151740432604,0.41717749042944385,0.463769482464529,-0.6520703682422541,-0.27793864441548094,0.2711175068742623,-0.8668827402885642,-0.2875090885462384,0.08172721485563604,1.01840982499316,-0.04863603379793415,0.6216839337111516,-0.07793100870726978,0.7612772128954963,0.4276694906856286,1.0016851936049276,-0.06930460957683088,0.0882853812124594,0.04864005253314915,-0.3825031611115937,-0.8613083121919726,-0.9112065977727412,-1.0796077204568484,0.6448215195278342,-0.525617058653855,-0.4822558020412944,0.5517550658774715,-0.3377004434254747,0.01244198199222526,-0.6752402822239388,0.9194564879910814,0.7031601755933293,0.7275615413486907,-0.1883059861137946,0.5185577320649841,-0.7161603238889211,-0.9568048171315443,-0.9309621226097892,0.1730208496042893,-0.08847647483389823,0.1760321677486674,-0.6544010439741893,0.2211275777648018,0.7027161265613662,-0.10473001766341007,0.26301966697440265,-0.7355155731350246,0.4588386847255479,0.06307778102470454,-0.647238917919122,-0.5774027320635486,0.23373993517546204,0.7346557961747329,-0.01287055987785318,-0.3636516996080897,0.7735969935493794,0.3396879931295592,-0.10432081483517161,-0.0242971596823574,-0.5914894854509946,0.2537142338018558,-0.2831363494188928,0.9866402090328934,-0.04132611518006527,-0.0008935485196582187,0.13726627510733905,0.8021359446934756,0.5807107872137474,0.06438134293410623,0.7643189095950333,0.4807445829838952,0.1181830821141895,-0.743930390526171,-0.291360905733232,-0.6525707867118222,0.7285716741571844,-0.4378027922448239,0.812588497243727,0.02986287229145812,0.30931571965837906,0.2077089393339083,-0.5664370854361455,-0.11642466313392795,-0.750747447147151,0.2476063046316824,-0.10737106931606728,0.5559547459325432,-0.5590619699597374,-0.6708540550896105,-0.18720967820768028,0.8489321937179476,0.42099865209841947,-0.1474305465246545,0.01290992686542167,-0.896836861072302,0.9076066460539544,0.4332845374030813,-0.25136475565010097,0.24329789783797504,-0.906007696779129,0.6140112209920751,-0.9312954783997968,0.15244822759581286,-0.6276873316959544,0.27964747060911527,0.44575279508101473,0.36267121399281804,0.3585772695654673,0.9454460683649819,-0.6719658492651698,-0.21747648738132122,-0.45933113202946835,0.9749467601303669,-0.2227905561545907,0.465061677899111,0.3694381041297555,-0.5757958287700987,-0.5212734951657532,-0.44094709098014523,-0.18303516856989632,-0.5352544250214092,-0.9922841566629906,0.6954474903711215,0.864291570887737,-0.29152777959883525,-0.3089111801528335,-1.1325967300166664,0.018123332239358532,0.2204050723281328,-1.049002058410742,-0.8908136873834211,0.37175127386460227,0.06284052929322356,-0.9404584614738071,0.3834997979611193,-0.15163183576082825,-0.06083146105848336,0.6974750270728073,0.7080411624083162,-0.17594331865603774,0.8853133855021691,-0.18927097436643173,0.5434043589710511,-0.032245470871481885,0.7951389618428494,0.8163909434840769,-0.830298293922511,0.8621113908226274,0.640761272435009,0.576914887785985,-0.5956886331652492,0.6027634565103226,0.7192043475624691,-0.46813637135090364,0.6866071633521168,-1.228502816294749,-1.0707379340686842,-0.26208463683389016,-0.10386497349503222,0.10194634441088705,-1.0336912561679377,1.0017728566586426,-0.6826434319542911,-0.44494419808916275,-0.7566849401158172,0.2646835195620022,0.9102261141168532,0.3280009418451286,0.6275270043684099,-0.9768207873006145,0.08406872001155867,-0.08086677955272505,-0.0020342078530327366,-0.8531275668371073,0.36349039026356533,-0.004655989725210573,0.5278940370982871,0.010769207471163986,-0.6171103394163175,0.3726788957503361,-0.5816362104967219,0.7186017091852961,0.09258161814677524,-0.8792668567221031,0.6961894946682079,-0.1788788858730989,-1.0025401787499397,0.1958666849907168,-0.45281424380433444,0.7387808042788896,0.8367400480512592,1.1756075221774507,0.17145214340612783,-0.017053602520259625,0.5037839536696234,-0.7619106468968845,0.07174947457768525,0.08888354630792175,-0.8211374039318917,-0.16403468264936413,0.7066818525310709,0.7166038962081094,-0.8047130628819713,-0.8292917908260027,-0.4695044376503091,0.7931687602229845,-0.6356983740365628,0.5472064242232316,-0.703245867472541,0.2677773753044633,-0.2990566598426804,0.574572314667874,-0.5275880619413087,0.26923908689991255,-0.504537627646656,0.48361572066489916,0.8315495045185751,-0.6154017393550523,0.8907189616638806,0.35840930274825916,-0.6393006478188319,-0.13408551884199213,-0.7137994102522924,0.3681272088577143,0.5009112382423173,-0.7908957766363964,0.012202071649887684,0.6292501120518343,0.8724326459027646,0.03144873001646239,0.9023990871772091,0.058001471252384564,-0.2161560244541809,0.7123020784476639,0.0592041323563731,0.033019624718784106,0.042532055322564565,0.7292794264689433,0.7468668302512392,-0.024532700538924365,-0.12113866123303321,0.16262404048359883,0.2863264046394234,-0.4011156040353424,0.7050966745105945,0.12093398831263087,-0.18231660705300104,-0.6632352906242255,-0.4867817447107693,0.8629357607832886,-0.4305516107942436,-0.6869287094442142,-0.08647821112924119,-0.38694908370726355,-0.9296566744481165,-0.3537100936038078,0.08821701782667975,0.10680058426616484,-0.2806735517044132,-0.10919761202473487,0.9082693073643243,-0.24921483320352622,-0.4427315186358982,-0.4460630601970088,-0.03209152970268087,0.5738029474409281,-0.46414878480960126,0.6174234023901862,-0.7095205224267586,0.038110019265175335,0.6736987836076077,-0.20851464200297234,0.25435252904635247,-0.46002142901238596,0.578806982733873,-0.8519966473988698,0.68530068518541,-0.6405273649845136,0.7212704156765962,-0.30955438870199203,0.4417102905472363,-0.36154657110043137,0.8118247020965095,-0.7467262606208108,-0.6429542275846926,-0.011065832532844249,-0.8283620346312238,-0.5987654522337839,0.8684354493350143,0.9312717344270747,-0.2367149797189294,0.899037972734996,0.1567322366847124,-0.3827219476950829,0.4809736126332315,0.38759111763524723,1.0539842306241294,-0.4305907130246227,0.34209748880192237,-0.878536880643769,-0.7361388415911062,-0.9562196700270603,1.0028204142409194,0.5828434950481087,0.5414746980159247,-0.002268828001886502,-0.4114659471232917,-0.7024702510788574,-0.43190803772531133,-0.24801256895682045,0.5126227040415988,0.07932357780630483,-0.8450327468890346,-0.9624963842624449,-0.789198303908169,-0.16636513032822814,0.87128594584591,0.2710413398065132,0.615805718960582,-0.003188715237379308,-0.15865806758848242,-0.6411341642842108,0.8602526061277574,0.6310144695044927,-0.6418765895124798,-0.016866767782638934,-0.1207611271177582,0.1535856381361218,0.8195331030425229,0.11920826472266836,0.0475264386298278,-0.925254807740879,-0.8917950426938789,-0.6326425683795943,-0.9374963582457579,0.4855943574688432,0.4462805352876251,-0.728182182000584,0.6721578015905618,-0.690427930307776,-0.3976488260052824,-0.5019066485257915,-0.2531740284281955,-0.48376079768466407,-0.012545699566659754,-0.1711198276046181,0.9982071640875826,-0.8373774371698245,-0.6313945259808125,-0.7831625019238084,0.35685654486772583,-0.8216765257121976,0.6693316571582762,-0.054400270924075504,-0.052017782676031535,0.030509211046572643,-0.7185260543687709,-0.6390519196806439,-0.3865463321490858,0.1748808814194537,-0.5842649920697817,-0.7686763514731599,0.9399119514006353,-0.955918961468506,0.6050457602175495,0.5760124926610817,-0.405571772309808,-0.7287467679853732,-0.7087427065891532,0.39485406164673376,0.28585572915512275,0.5661922749795512,0.8753664428753088,0.38296871775921754,-0.6890793177627597,-0.5106189286958377,0.6929666417638746,-0.5582545408958408,-0.8249097857347922,0.4252538503579502,-0.21142869539508283,0.7845260607668608,0.2478112807834012,-0.8610304166371563,0.8659838669825629,-0.4961676002785186,-0.33219919323639807,-0.1980185036449837,-0.8976102064077999,-0.006589166097230384,-0.7530474848527923,-0.19785140053779193,-0.29856581171621493,0.5456800959220899,0.6063410232654622,-0.693174235221824,-0.2668976252415476,-0.2532936779363366,-0.6971782004502146,0.5966913876252259,0.41346674669642514,-0.6220999460706842,-0.27059051544905127,-0.7935625789313832,0.25090106157669495,-0.7575819577831414,0.9753161927582051,0.5597250462241461,-0.23427605426140555,0.12911821322566594,0.7987233504533001,0.0919994963554881,-0.6627592450382779,-0.24836401993311227,0.6835557670185524,0.28769633792386,0.30150719368864454,0.7334626194561527,0.7878339848643103,0.8395828716695689,-0.810290769243712,0.0882520039262018,0.4810190424366372,0.5138536902540276,0.21343240394000773,-0.6664253296326517,0.5948411078833287,0.44022969374415466,-0.8278851714142303,-0.07286787389739825,-0.6523510330778869,-0.3251035828531269,-0.9643904928644832,-0.199810952033532,0.0985280692913251,0.2353305037980078,0.31979963869717914,0.6625472414750925,-0.5759982904724111,-0.7634932590644606,0.7002438017541036,-0.6878459426174386,0.9488691420932057,0.684695231978191,0.00152016201072096,0.9624712617108678,-0.8053400927663048,-0.3938684776497967,0.2764488300812229,-0.2999862630536425,0.8567451039615837
-0.8687478236443649,0.09882366412192911,0.181732534790229,0.3054562475544482,-0.48866755333637113,-0.2708671449602711,0.6873610593299553,-0.6101144620596803,0.6537356943467241,0.1253108458054848,0.5243750223881642,0.4272147325269431,-0.5849775493585498,0.137621048994969,0.7354426987991697,-0.13576767667993364,0.9331815404466335,-0.09556979979656388,-0.7144287266642306,-0.22113063984465353,0.9034048127810743,-0.36055830132029154,0.7361963197341257,0.7625013633637796,-0.29962695133607786,-0.8334846838987358,0.4491158183176365,-0.37697540197202795,0.5658472285151448,-0.11469030347913378,-0.029466515314756858,0.5558188134970736,-0.2352728873270194,-0.11374401674601443,-0.24761870932305674,-0.2652655492258843,0.05221080397092286,0.6179347453869594,-0.27589637093865754,0.049027819511348276,0.3416186651072199,-0.4611853795327649,-0.4449547988424843,0.8669704782090196,0.4473608349126207,0.15456141399299295,0.29557568111901056,-0.9412497377738411,0.23640802619804932,0.019080981113145903,0.09148735627776154,-0.28116396995845344,-0.8370522045741162,-0.6133215327758956,0.9014894264253435,-0.18260087545813208,-0.06663368833827166,-0.894580420293122,-0.9248675362583588,0.4343223301986278,0.07616704579913375,0.017409055163964807,-0.5137312064639985,0.4894361059961777,-0.6620550113272923,-0.6163466596415975,-0.07193511915974911,-0.41923198800495437,-0.4971764679403377,0.29589997869645407,0.3065415052230494,0.6543461354202105,-0.15751151511564063,-0.8450443890985156,-0.4419790425719804,0.9691832763631925,0.19798609595270444,0.4220244138876804,-0.9844243013278254,0.03669319310814502,-0.9248764332126386,0.13846029675900898,0.8415416992721507,0.9368382610008157,0.0811053507778483,-0.08359038949556807,0.8900374748610498,0.34712218187062127,-0.8702293273454912,-0.06848227965990335,-0.5185343032859514,-0.05942449083193039,-0.08623769763668805,0.17312758004241438,-0.2712085214084647,-0.6514317482852647,0.025897392132003257,0.6739486683084748,0.34333920926717576,-0.30753933458342786,0.8871360127770344,0.8507464587377768,-0.5445883451184619,-0.889529154196263,0.49896633651227623,0.6631547624161304,0.9391056574812953,0.780897237148123,0.2012267269881203,0.06005706609996707,-0.9443230396855594,-0.5066871063104443,-0.08077049653414714,0.25697087760338366,0.11451525751392819,0.4851217122441463,-0.44075074408900805,0.12908400398967118,-0.8264944057966868,-0.18192192037551172,0.4877556707210576,0.3766512873971143,0.9749756132101799,-0.4405862371177393,0.006540524124504103,-0.3386158961217806,-0.13269701151258895,0.6894426627230722,0.35582729838409155,0.7503398343452912,-0.6115630592296137,0.7299362655850256,-0.8863718305216973,0.779502713893199,-0.33272098966992375,-0.3616560667701813,0.028074945339915894,0.8819726211053118,-0.9044365628027304,-0.29556898818140875,0.7131439773666715,-0.20789104512906653,-0.6016752577124416,-0.15094282399121783,-0.23140715406548898,0.8229426709570118,0.5061923310772297,-0.01736958094027621,0.9422206328001054,-0.10364920337793836,-0.9179678553647096,-0.5242524322076744,-0.1961162655307297,-0.7781707114917461,0.7800219144214108,0.4400589274824906,-0.5086735548399567,0.14746540967721358,0.39599189862109857,0.8320075042739825,0.7315883537346793,0.0183604010336025,0.5597795517766602,0.14111327741027,0.11690753398749607,-0.7681738824527895,-0.7480185942658157,0.05905800566136412,-0.4622769100419868,-0.9579273005790802,0.4458688013816956,-0.93631619729767,0.1845401726842057,0.06368313656751555,0.9096540396790103,-0.0715863811472814,-0.9118708564499579,0.07433225060548362,0.6469302901432896,0.9371898681790215,-0.213833733650035,-0.4527495352142032,0.7177845050170126,-0.674548307944443,0.21341106119759412,-0.20287032995453072,-0.9432786219508679,-0.34358555327074103,-0.5111778556871379,0.33479590785075475,0.8882705855950558,-0.4491939500856711,0.6402400835901874,-0.8821069658412231,0.07693045873589152,-0.8588926404824417,0.8680697231099214,0.5326005858678033,0.31728974905254054,0.6489713253766441,0.2918894940559125,0.926676589057484,0.4031074649347444,0.8244661610636809,0.040314780633043217,-0.7261186290020073,0.11556988535863,-0.7093604140781271,0.19365894369929684,-0.028877955814296457,0.2595911043386576,-0.945258873506475,-0.5911086694380927,-0.03617275757185187,0.8671290655193264,-0.2568370785214898,-0.176839219489219,0.4022762365764367,0.20264972548909763,-0.3744394338856017,-0.1417576956874861,-0.5474245728753862,0.9339058188195574,-0.7388576820491343,-0.2563269121477762,-0.948174444850729,-0.5529335672651625,0.5664858710920503,-0.5919429315639358,-0.8363490618217637,-0.05304557586973947,-0.9601450507049281,-0.7504819386701401,0.7623555954209159,0.7191889850775961,0.9599243924373724,0.8028385935831942,0.442504043131347,-0.8253690286545591,0.6052372551987967,0.6970577966531327,0.5635146073661549,-0.02572795192148486,-0.553034557455283,0.6811507644396494,0.4479269862630537,0.9673578879215711,-0.6549617613540326,-0.5045436612287951,-0.5505116884383685,0.588854204090806,-0.6261253830855001,-0.8666877689348992,0.9976800281256928,-0.9449666185855409,0.6792293074973024,-0.2560369285328744,0.7002049814752014,0.1358496445223381,0.8725174832685885,1.0100883525712678,-0.7359939192150066,-0.6034363489323742,-0.33442431161805614,0.43092255609162883,0.8292617140216888,-0.04954567204145536,0.22022910618857358,-0.6214681234916231,0.5712403720809184,0.8752268394903774,-0.4926120515393566,-0.01321816229536972,-0.827891673384592,0.11656954150032559,0.011465704523904392,-0.6889476250043299,-0.09968113247602108,-0.3294986270999908,0.043514526335397916,0.17130719399091415,-0.9821867324303915,0.5264369627994991,0.4334800866029136,-0.2536945494791458,-0.8714661720320198,0.5558771121857999,1.019244243320124,-0.3082153712395504,-0.08602262339396949,-0.4189188653358098,0.260307093327201,-0.6589996436976941,-0.3187025090949396,0.339396363005868,0.08773610325732069,-0.22669310563218253,-0.17392296881555216,0.08200491760469805,-1.0176772514728658,-0.8543026876969437,0.7449366426303458,-0.8654166247583103,0.392374374707495,0.8367094483023436,-0.45414046525529106,-0.2581332325352215,0.13781541975229827,0.7634279049568679,0.8840586123561233,0.48124910974938534,-0.8214926664611797,0.3502321331831341,-0.15377683225962133,3.1227761627930006e-05,-0.7654498728884955,-0.3959553960611541,0.7927789317939556,0.006565284468540112,-0.3979045613638606,-0.2830362768763546,0.6075525496995272,0.41534818737341916,-0.4705474565400029,-0.7318163564794863,-0.4637491691848601,0.8476060448602103,0.1460525262016741,0.046005206688652135,0.165038354916779,-0.2997855555849901,0.5813089522231348,0.03206998884530747,-0.7667187701555342,-0.7417449065301099,0.07388067811000268,0.8731497564792338,-0.383154191214012,0.7405971210691771,0.532488767575351,-0.4922876657761182,-0.9008620694074737,-0.7284952374756527,0.5954425086437671,-0.4085802198438909,-0.14055255712132658,-0.03579026481795005,0.3369323171397477,-0.8784049757173271,-0.2594197040364218,-0.012924483050109573,0.16985465808635847,0.7499794310294208,-0.5409360893556344,0.6805539932041922,0.3872389220910212,0.0840018842400618,0.36332318748975717,-0.21075408083612568,-0.7533866330837742,0.3192724757090791,0.04931958553211265,0.27888070067126686,-0.3238453325759753,0.8137338328950676,0.17466289193387705,-0.8283285131951252,-0.09626368640493034,0.5261191487213797,0.6152463153006427,0.05906426470293198,0.9058135059127167,-0.3310154614077301,-0.17354078980322013,0.6546669084604151,0.6197176876712704,0.28419457050875585,0.7667187980126516,-0.6506206743459392,0.9561374326335649,-0.1261173457253379,-0.43971535934648104,-0.42297724319570346,-0.1685520442948746,-0.5517041498125342,-0.4079130664602698,-0.7613060847284605,-0.4285034483327118,0.13708065345467707,-0.11489397333278595,-0.30618950327077205,0.4929832655409968,0.7870675005027764,0.5133792929268849,-0.3356751125049763,0.4916667899483919,-0.6830550203983786,-0.7129188882269154,-0.24422210490465573,0.7028179529079631,-0.44613127000830316,-0.9241912029104699,-0.8679291746856407,0.6249891995008208,0.30998240089900364,-0.29134418293462006,0.40355523380312425,0.3691551985212441,0.6046669020296619,-0.3073441665293425,0.8066381080439773,-0.42823657548902616,0.2831853066672616,-1.0308946171946707,-0.27358150378997814,-0.30378193455529123,0.08355019353900416,-0.8516591576020031,0.5805846446986015,-0.5644109227295516,0.354092513250885,0.606276116453831,0.12332669987296255,0.48339113247920634,0.3337283424201188,-0.26363047580358867,0.6705968120864855,-0.35631360665520556,0.143807395641271,0.4212003950062751,-0.30607545126538527,-0.34625273349708036,0.11016269355298217,0.9535740972034741,1.2134430301982468,0.4281543741026537,0.6174643106356801,1.0065618373519276,-0.7676899306807898,-0.6562876114735704,0.25442787350804,0.5768115664129557,0.7029892090777886,-0.1667387357878802,-0.8203913942381891,-0.12108157660448723,-0.5381918025486472,-0.41758614404289557,0.5445426079110943,-0.8490723301455079,0.6537222241197417,-0.14515827683247567,0.19950394384835252,-0.8011685933269275,-0.29525654009784447,-0.8108544893054173,0.8657582205145014,0.5319287955795048,-0.09415370911359616,-0.40650581868370084,1.1624842644636875,0.07602610429994569,-0.2918440821757692,0.4425574809509264,1.138210071981418,-0.8521318416823099,-0.5621813980328016,0.6953704987666147,-0.837284412989194,-0.8463196693268048,0.13671617558717242,0.7327178403577843,-0.04155506560908779,0.9930632783054898,0.3587966626344184,-0.8518026761562657,0.9856642633639507,-0.18445414752990938,-0.4271172895015413,0.11387870642575676,-0.38879295262968,-0.8215773445763592,-0.997583710986651,-0.1470977814638534,0.5636135703622038,0.03993893652451639,0.9967156217370572,-0.24785021520261247,-0.13403040734294924,-0.31897022098472694,-0.3486033785601078,-0.19654550475164861,0.7304462937138194,0.8533292677328553,0.858473649999488,-0.7030415799754799,0.6244881716028519,-0.40036622556047474,-0.7747570218555768,0.7530659943408295,0.2798821240778355,-0.6649085774945306,-0.13926789036825832,-0.4254395637493372,0.4735875432322183,-0.09342004516534048,0.9750185614736959,-0.8958665645133985,-0.3001320839729988,-0.0587904638226942,-0.03129852252552876,-0.45301977098787666,0.32250794690153073,0.6343293556782664,0.879712218362026,0.770983708607552,0.9574266095254803,0.36018130472833093,0.8335988231483337,-0.2909854618210683,-0.1547563873107312,-0.36383651861207494,-0.13365118991422414,-0.5240436137130536,0.847979870948021,-0.4003722757113235,-0.7932346068576213,0.07606907974415303,-0.8707137355599542,-0.7717101754501419,-0.5597603808594622,-0.07119692515249969,-0.13349563579213042,0.599146922853116,0.47328778854467624,-0.15937447747826647,-0.36091723137411225,-0.42028669974106597,0.48132894672645204,-0.9912947232151049,-1.1005249981767251,0.4877515250091166,-0.023591689939479618,-0.5885754192952632,-0.34376868102548924,0.9937378406897739,0.7678263481333578,0.43480152012428236,-0.01062012591316096,0.06724997647733964,0.9382053246752743,0.8953472971119215,-0.6044100723282151,0.6161690938420764,-0.5850051342725155,-0.5463707512863876,0.3672652162197641,-0.18450102493569054,0.8639127016570909,-0.8219016071149295,0.023051281618986064,0.8367499957625613,0.8018687754375705,-0.7060071530597893,-0.3107238030041398,0.16441026127358546,-0.7666427815194833,0.8365714758350333,0.7125238076100354,-0.752754134512282,-0.737194177931924,-0.722091810990097,0.9049133705288556,-0.5896918863418235,-0.19130989131262074,-0.10812725482179088,0.25522977714566875,-0.7763980314080984,-0.5089926134606273,0.849418965772317,0.7966827271043507,0.5675476663333726,-0.9349555636285117,-0.32372208534095714,0.2662070074726904,-0.4471097996498202,0.8193579673820244,0.2677883774486882,-0.8561831891260201,0.8177933392597987,0.9113520816316709,-0.8628728512875561,0.01891575388477576,-0.46781035501643004,-0.31436924121408044,-0.7558786470373281,0.02814110528284012,0.8164887008330551,-0.028072786633525797,-0.8250493278592729,0.23218181891087483,-0.37147486127804674,0.6586767233519083,-0.11882018431860694,-0.5248279802126373,-0.5196565651930296,0.574593850305707,-0.4716839551535783,0.5327409196073823,-0.5687289841907177,-0.33381437417551785,-0.05519447778839073,0.8918876725324615,0.8644132103143215,-0.5863178258403645,-0.2835652629830058,-0.7011979523589003,0.019955214352191934,-0.08134875469981925,0.7900567497669185,0.8277497546754152,-0.29145354470242446,-0.11104157419159245,0.6652275839149713,0.4808400894077569,-1.087910631388334,-0.43738226008487724,-0.23811814600176293,-0.6311819850667317,-0.6947459885606629,-0.9699689899252264,0.32424260163651974,-0.3722050339819383,-0.794943252464513,-0.49405244961678485,0.6160017619405755,0.7199392220519145,-0.014488177282453598,-0.15422196747280406,0.9617906030923886,-0.5971277082840979,-0.5688569707982364,-0.41629505034019587,-0.6544915396885671,-0.24126880359162683,0.8216684539795076,0.22959324675423345,-0.1815441550669764,0.8509141459138331,-0.9360036331933614,-0.6300085969354146,0.05030623656583689,0.1397246735233715,-0.9913769228564301,-0.2655511110965851,0.20022345756535234,0.28888045383032374,0.2007240619214476,-0.3614155300220517,-0.7390057983756687,-0.025360421327596906,-0.6401551824897985,0.9407847827008823,-0.027739388535245685,-0.34823862910534237,0.5449110959814758,0.0034199440680554058,-0.3775968478719372,0.6241875999972281,0.734306004500854,0.3459863803703571,-0.9060711551846654,0.1326457603330642,0.5265898239945632,-0.7271868787419573,-0.544163074774096,0.7583910268800843,-0.9710180593743961,0.49041876493238434,-0.06572685462232723,-0.10731450925929165,-0.9756484341942819,0.6473723783050228,-0.27717274740198566,0.0898757401890676,0.38971996347019644,0.4748299776609642,1.0078710609116033,0.17246575792576255,-0.11104586951127171,0.9554567870834366,0.3064696507563523,-0.39219529310518303,-0.7400898225820554,0.6895434845753641,-0.2739579698007318,0.3213321660962473,-0.05834988497602632,-0.6021396043687542,0.20337321724093016,-0.8786338620986354,-0.17331508025761555,0.0932180782095485,-0.1279912182947734,0.4968129190339064,0.6568006051339256,0.5485124600394934,-0.9065266638429199,-0.5822217112234793,0.10633588357897268,0.8930767221102929,0.6881558801788434,0.7122341259926738,-0.34809238786573216,-0.07454295193274525,0.015341018356218332,-0.6052604687712733,-0.8719924140065147,0.9275171434477075,-0.504721543316873,-0.5127232375889074,-0.8293745515518889,0.8589685560066547,0.1602751523418006,0.3342187893047363,0.8231699103887459,-0.30875969554726285,0.2430146222761682,-0.9224010905422251,-0.6264549435377413,0.662491610179885,0.5335396034437763,-0.29859439833078605,-0.2451053576350505,0.07234508061668546,-0.9891481771168182,-0.5039717368137707,-0.5729095814815583,-0.49344056325261415,0.6176654179030859,-0.42953417190423276,-0.5980329396402368,0.03689006622581262,0.7605720763273892,-0.4877723304559621,-0.8172892709456095,-0.2737010214576441,0.4997178673497401,0.10363283913694686,0.6344787333101409,0.9199316914151842,0.5854586714091087,0.20761763974956768,-0.01332250024497217,-0.9198618273034667,0.9686439576280825,-0.23303775484991496,-0.6955435721662664,0.3334177107929135,-0.43142342180908133,0.17156135990168775,0.17368898712845837,-0.10805576052219068,0.6726714573076356,-0.46971271240909734,-0.1021972665894286,0.07602182177275218,0.32831927053957044,0.5704539426766216,-0.20633893855296087,0.29899352229708137,-0.6926297952522491,0.868657695735119,-0.23203782642514745,0.4597666890784042,-0.9589287345111164,-0.5892737481601472,-0.025677844630193434,0.7569573569947676,0.054629809318498194,0.8597409645877581,-0.032406206834407314,-0.019101806528100118,-0.7605064229989362
0.6053124883044396,-0.506069175065875,0.7992249787446302,0.8216484406607922,0.8866202237482994,0.04046097820618,0.3541875695672887,0.557031760123327,-0.7379707626990688,0.20191438999499445,-0.9314041973933767,-0.004867833222548246,-0.690315276312565,-0.6341501771984845,-0.2698988894101559,-0.13512541751680046,0.24634484906437448,-0.8511431631229687,0.00738352247488927,-0.6347497394937978,0.14795035006348378,0.274809224522367,0.11341851310570772,0.4765910209566153,-0.32878151151819734,0.5302131832662618,-0.13446583658361266,-0.0316310033548064,0.29620425452214283,-0.9632832320015521,0.30798844284049665,0.23717029814423074,-0.38030577488526884,-0.8284115658075368,-0.8181368244389401,0.8464338584616029,0.37854934665107604,-0.745788783036386,-0.2866457348181449,0.18468623674423867,0.6710359369602785,-0.9128006035164141,-0.5269866686157928,0.7790806712866285,-0.9817056028349842,-0.5974001582825137,0.917774968762955,0.2264935133862367,-0.47690289184694057,-0.8660431484218052,-0.9436201896873928,-0.5105108644304938,0.762971639177821,-0.16817269140498103,0.440666738331986,0.8365700707599155,-0.1839190767943668,-0.6174452579252059,0.034235248409634836,0.8161660434542936,0.6087358071584431,-0.8683505786373111,0.385034759932893,0.14354704219946116,0.8149344631910325,-0.7543387558004505,0.06942340719786042,0.7610677619004251,-0.1774226048201659,-0.03513933630137744,-0.8625497054003395,-0.45128002590923627,-0.36174077691854123,0.8792135299754673,-0.44374712105272945,-0.08534015538337554,0.33836330878459947,-0.676717587822676,-0.027564615294220402,0.47677214893832004,0.7335981465932617,0.25251763934198834,0.3381070306338958,-0.7474330548308621,0.8915529944926943,-0.7348518450310353,0.5493447001097426,-0.4703699288501714,0.8671409092609764,0.44020382058238655,0.5086543571255044,-0.5589680922644449,-0.10574849136840492,0.25250708100258007,0.5668694526469052,-0.7534936344651061,0.970852350427586,0.8248218348984215,-0.4285430849377674,0.6600916126045454,0.043465713593654275,-0.07316988045949466,-0.3668270528236375,0.16618679686336424,0.46208737723639187,-0.17659247015485952,0.258603448585203,0.39807994792618717,0.4218958847313579,-0.8961153722666783,0.7194955436817823,-0.08349337046990413,-0.4751678366075711,-0.5164797791110829,-0.03397410164997812,0.7737139176192854,-0.24317988194599013,0.5004861627765977,-0.802823916182082,-0.038781963254794535,1.0060343346687957,0.5836946157098084,-0.5127713616979492,0.0955543442059543,-0.42236284433062604,-0.07523355064943477,0.6477026338406976,0.6141682567779958,-0.48442708419898944,0.8748940138209349,0.20590055388899106,-0.22665067397423588,0.008157172497448028,0.209504593851511,0.11903903380630955,-0.0270775504435904,0.010028974804879461,-0.64717725726423,0.6255198749263432,0.0835212472647001,-0.7378402765905938,0.5323142031655559,0.8649226936595336,0.8946197929390443,-0.2615053889784187,-0.7268783936619484,0.043426435306603596,-0.7563435148907571,0.9045509302924768,-0.5724627537193582,-0.40669270441364097,-0.07639573861294796,-0.11974314292490709,0.6890693847806066,0.0018185260844557857,-0.5726316096025935,-0.39598182021723444,0.06626053532151419,-0.6754597158561844,0.23672027794314246,0.13138987139507094,0.4219721063802026,0.8700467592299311,0.8245305246440812,0.8934662787028188,-0.5101559855570281,-0.7366942019112956,-0.39544499151204215,0.7901703455326292,0.944108641202931,0.718620083165898,-0.7799101892386164,0.8953670981605658,-0.15093054680409357,-0.9732232394343682,-0.094970760489855,-0.8690926572429459,0.14298246026211808,-0.25500396239158085,0.017874657297050026,0.27847171292201667,0.7665665548909115,0.347620921051257,-0.1064365141126485,0.6617351623738535,0.8297605655891842,-0.7473457320811503,0.06511068560743145,-0.43256436057399333,-0.9149595690585841,0.3249638882393813,0.7189272173985515,-0.6734848293867008,0.62544011417492,0.7069508468769224,0.8286756888644923,-0.469429831365361,0.8079267648843861,-0.35879624625611506,0.10448837469388787,-0.8990640133731542,-0.9108789049998665,0.44644772464531485,-0.09828620095464088,-0.4657901074844567,-0.5945373132278194,0.3640451225790006,-0.9914275149539209,0.590654044651909,-0.8795416118598988,-0.6550888310114015,-0.2590049956340329,-0.05308850392275603,-0.3012186089801341,-0.37194007353969366,0.9170207726939712,0.2820283692059895,-0.9572376215014672,-0.15688514307736104,0.7332686569999808,-0.3988042517633674,-0.8098926402635469,0.5166881097469963,0.21203120951914198,0.14062845118461048,-0.892941707513578,-0.7197374004618662,0.2433399329323271,-0.5868479206358918,0.005990138126483295,0.08754967001452381,-0.4403325319003181,0.8864332422865479,0.6700418079569671,0.41801906009193346,-0.8958996640110307,-0.8630784271002842,-0.09518603947127635,-0.7421505265855508,0.907716176135569,-0.7111884022903182,-0.03959140360106683,-0.2852961493401494,0.26915039709451394,-0.742248567158897,-0.1453728140214851,-0.47485376175311084,0.7452992889723731,-0.9245770024389921,0.8298040608347482,0.6658942341065299,-0.40487203681479544,0.5785543024544302,-0.938031575529796,0.9316905369784079,0.04903694443186423,-0.3981200738697745,-0.28260502717703767,-0.8845842416910421,0.9465644589634854,-0.964280750569174,0.25071218924405353,-0.18920415923146416,0.8032293608718042,-0.6123839978732737,-0.030734819335219116,-0.09598379676908882,0.37442669533976736,-0.8720344775733448,-0.6069427048018656,-0.563921197689318,0.4766425516255577,-0.6250901445933595,0.1311932939031948,-0.6065821698790367,0.6801901106330953,0.8734180114012078,0.039630331825129025,-0.2951737445716059,-0.5319040127349552,-0.900503421458645,-0.46374914044313476,0.3057314964526011,0.06269365613295894,0.8812631433067224,-0.22260087622508035,0.35270614687497814,-0.07860739493958585,-0.04783284953179602,-0.5546827145661095,-0.19532234122579947,-0.16856627616523925,0.3087429304983118,0.8038603406619401,-0.3779139220107465,-0.9188608655214495,0.004117095463091935,0.10749099220904736,-0.6434487868126314,0.5303709179103052,0.9608155893482914,0.8630101953467789,-0.6585744871980399,0.698452606810876,0.39379951613140385,-0.09014401189986387,0.0817289795550877,0.699173624591381,-0.03983200821356286,-0.2540670938444683,-0.015279193991755795,0.15522157394125466,-0.6277983128604832,0.7778223693414374,0.2952021342280018,0.1878953064827492,-0.8957697211755217,0.09604350814138657,-0.8733387764555136,-0.945956894530078,-0.025170016217364557,-0.23463852735403729,0.17089852318015428,-0.8079879586962706,-0.12171817793073189,-0.6334932636974135,0.9897473539778932,0.13236883529482818,0.36224299895563145,-0.39042455332131026,-0.879305826554762,0.8906380024551774,-0.4466634229296005,-0.15142067546559337,0.299915301529367,-0.9505640250767348,0.620515634107248,0.07295381214254487,-0.4441549978723303,-0.8780341558600976,-0.6806770135583144,0.7580355928211957,0.30485982979917076,-0.5955782964123896,-0.9793531878849971,0.260498117286343,0.032371739145918337,-0.2759389426948331,-0.31639846181017484,-0.572118949463061,0.3478394297218958,0.9547641436938463,-0.6360286929151021,0.2136745717375571,-0.1305477029357253,-0.09654955324012383,-0.5078974116522145,0.5966294063389842,-0.1076370946884871,0.02131184027513216,-0.4121982726983516,-0.6364688074979432,-0.8280535339376636,0.42828643301948177,-0.6075313086416451,0.3800430772212794,-0.21949546084407592,-0.16892521206077368,-0.0691394319900502,-0.3042632508264949,-0.8786847531682532,-0.4929302696323719,0.21056260830651255,0.2217369016794254,-0.5159397592092319,-0.1327521964025645,-0.6229551380872335,-0.5681615330268823,-0.9420553630006528,0.8055952478141792,-0.5516787643488099,-0.49965054938218495,-0.41415499769629877,-0.7517546831189486,0.24020939748752135,-0.9184598470174569,-0.8125340564984149,0.22759107715293195,-0.341641062565198,0.41607485090075247,0.11512713485114043,-0.4879009470274689,0.30166398526358956,-0.7675069398265688,0.07259405915781658,-0.12565358542690744,-0.47312184436347055,0.16310342281774845,0.6547770468697377,0.8849000950706042,0.11728994968947905,-0.2662914131400516,-0.5976357679577345,-0.49860433709501967,-0.02471788500874704,-0.24248678778733318,0.8448861646988527,-0.23827169799608974,-0.19321316169417227,-0.15719604061924386,0.7038589799643326,0.26579029910457885,0.15445525620542752,-0.41650808227275127,0.5570022553094442,-0.9750480399827351,0.7240938455991389,0.02597432302022825,-0.20302153707713713,-0.005634092866108737,0.3348336156541018,-0.9744958128202246,0.7428976365123519,-0.10490202960709077,-0.32119968965485013,-0.7667379330121974,-0.19975017897262115,-0.09153461632060363,-0.24572470584576772,0.3267448355184971,-0.17333199715253464,0.9301654374742289,0.2275534182060242,0.6523025530519518,-0.7453500210529643,-0.15046676146162863,-0.23351795216927268,0.23077929820886656,0.7443046466608325,-0.9046492679679198,-0.9521246181062729,0.6102259653359454,-0.640781780231934,0.30238928200427434,0.07753046735181611,0.6677923937014821,-0.7489175820922496,-0.7404193284570861,0.113636192097711,0.8927575625512459,-0.1701768816334221,-0.341771481812421,0.21350907288226056,0.8275783557680593,0.6204819381293878,0.9469498577115054,-0.9616075300612514,-0.7612877218865681,0.22267093082719247,0.6518002223939163,-0.3928253360305897,-0.46488144869697545,0.6409369387973046,-0.7908064009171991,-0.14856103801824286,0.08875242816517553,0.11761510057423111,0.37553746916839215,-0.39199400387781863,0.15204352185567463,0.13055226357775415,0.0814511348521483,0.28177745112634683,-0.4778423025540827,-0.8298463955712818,-0.7614399321706499,-0.5508352346921979,0.0003779472345870527,0.6809972023366759,0.41360925783101365,0.5880684243868318,-0.31340256489711704,-0.21628217642171302,-0.22666459138751158,-0.59379476573578,-0.84283348559352,0.19530613113511874,0.9899697016754362,-0.6267776538982505,-0.8423807730012931,0.6529649346645781,-0.3756115078216203,0.7589165020935652,0.4442774014644949,0.8567404337022965,-0.2556529185240014,0.254999928658053,-0.10464564171193139,0.25160749440578034,-0.09621235360723497,-0.6163625792536559,0.01966096593699969,0.05834213527333849,0.6212342307014234,0.47104112926135866,0.3275725523158781,-0.7730726672260396,0.456565314498652,0.017772022314318178,0.793114758973592,0.8409887782519008,-0.8801123999082446,0.6748550122249408,-0.8872712496078685,-0.2535361243918747,0.09583638583576252,-0.6610126875682109,0.568962762095764,-0.8808076627626277,-0.56507304114891,0.21260734667185394,0.4154816590741364,0.7861896554110024,0.37186398243192803,0.32913141780642735,-0.2017858490385088,-0.981358358890134,-0.7447655029802761,0.07734865751355396,0.3544323926988317,-0.16438220199927497,0.46137473970250065,0.043723771053607925,-0.8516613892560462,-0.6156969664129108,0.6973838924423492,0.4710883511608744,0.8077461288118328,-0.7409876129868671,1.0159665599229943,-0.5257113840419294,-0.9282196025908798,1.0144527891040915,-0.42403484351666104,0.3718946419539904,-0.5818923490364717,0.2302642273121315,0.8488342290907599,-0.3632348394198196,0.2980962649792993,-0.6524897298945633,0.2565919758193025,-0.2933986966680459,-0.5358022455854227,-0.3424180947443573,-0.6253590752759002,0.8111039922710367,-0.20264373065104857,-0.509193104575741,-0.1031799654335751,-0.3589276663870089,0.4888358831898856,0.9427093282436735,-0.11005401960460412,0.7447934378515804,0.15490007500013325,-0.6496444246351103,0.4406392962437534,0.10423243746147627,0.3674880980847855,0.8109965552366388,-0.1058731925019558,0.8153573056456223,0.5211496346961074,-0.014586514299259183,0.19059107693177588,-0.37971029436530573,0.9383549937054756,0.3432442143533302,-0.8723341563059592,-0.28991468469618525,0.302496763752849,-0.8486044755824964,-0.9329991543858319,-0.09190082409308865,-0.3323962205878491,-0.12301460455395691,-0.4746160383295719,-0.6705645190058219,0.37831404446034517,0.029487421733892735,-0.5916438765825175,-0.3441999020599312,0.2038732582121343,-0.8260314231985894,-0.6493128270267429,-0.7819846112548623,0.683875353531827,0.5317025083174873,0.5094387871419662,0.4263625785582077,0.32136765833174846,-0.07402981266268524,0.2554995966850922,-0.9407315541799112,0.23977792405930215,0.5823429154605643,0.04852659006493375,-0.22868150061183998,-0.3915903577677927,0.32416660951314596,0.40772866561287874,0.7516408329794357,-0.31254824462278463,0.539922899466174,0.12271164299693106,0.7656729688672426,0.05562422998567218,0.035634639240387476,0.15922980838648068,0.506571702100469,0.9391608090604731,-0.8375679587750788,-0.8680288340796444,0.9042427822984842,0.08439798100408656,0.23843928289819988,-0.03731610192202173,-0.82255130791118,0.5185953658767849,0.4743562378305541,-0.39339236991736093,-0.39747476115280006,0.6717635016661545,-0.8402604502208115,0.7914066130125711,-0.4476881903731885,0.22281411297390064,0.8991840317096045,0.37220129824158926,-0.16524378842294934,0.38039663795533385,-0.3120243251279308,-0.4454831772371566,0.9933665558693594,0.5015804623595754,0.2894029854484087,-0.28858533712584505,-0.8998266684063994,-0.9356495544075366,0.107997491204978,0.5152655879910637,0.053230836766062176,0.6573048789924912,-0.956912719228147,-0.28977991872435616,-0.5485485723521352,-0.12536035910804855,-0.8735714906711876,0.8917742420783376,-0.5691023595148846,0.8240393966634276,-0.1604767210828584,0.9671983337642611,0.1161501865595182,0.8736373051651394,-0.980366870489829,0.5012870091214968,0.8073692245318173,-0.7201995185100843,-0.8077218405923647,-0.15085478562808885,0.8673578122658703,0.08477312038087748,0.05491534470325288,-0.7177371084521438,-0.9984865191222742,0.619731644117903,-0.828357950656522,0.2551233340789427,0.8103146423271818,-0.59743224026473,0.32255340711762376,-0.846037474855861,0.20313561406563532,-0.6794502921197952,0.46127416865549126,-0.412052533802784,-0.09177085232252595,0.17452727737372783,-0.6790793345493928,0.46703893539041574,-0.40349665414304914,0.32108872107198627,-0.6839892764215288,0.3764934533067582,-0.7433884725940235,-0.14926113406085892,-0.5055879419905046,0.49675049885636513,-0.4759299909862509,0.7634346127907925,0.7836409907349432,-0.6071163852882648,0.2276384165370256,-0.8247775375293763,-0.21934205679593444,0.41930650954146526,0.30921277879355563,0.24122568580797035,-0.4394245569294376,-0.24668870039542215,-0.7977204695262347,0.4322679141821756,-0.000637907069082975,0.40712165854266263,-0.5142102369945353,-0.36384212852270725,-0.3421425355743372,-0.9559068289623407,-0.32190079690699097,0.6038322215589855,0.7935362298460814,0.036195202772463374,-0.08902535700871032,-0.9383517605381523,0.7584086948717933,-0.9739795731482546,0.8895001604204236,-0.02156750262381868,-0.3161310128505468,0.8484369664330728,-0.9512383150471254,0.1627101192513305,0.09654633964980883,-0.5642354799952323,-0.1455090119684913,0.30187116359153754,0.45251020486864585,-0.9999667918593651,0.8711710144579551,-0.6750421752986503,-0.5383482078717542,-0.47888823974090433,-0.9289336567042241,-0.7574498135338538,0.9700792122783927,-0.3709858971656821,-0.7699915035847648,-0.786269007002794,0.4388332565094444,0.7091157800843637,-0.48609540377412014,-0.9581825278783401,-0.5538199631092884,-0.8869686184064853,-0.793210126739917,-0.13698376030471526,-0.5401632582767348,0.03189175705084679,-0.49300965436514504,0.881106557324436,0.8118131131085184,0.13342386972793616,-0.2914413904109998,-0.23801654273577424,-0.1766604808246496,0.4547708947928399,-0.09747019151782085,0.7118047949867101,0.8855374649295024,-0.3304379747899429,0.12009372080227418,-0.8108667491219022,-0.599633140604468,-0.17315677216072842,-0.5876276880973721,0.7531164679607915,-0.6834189291929441,-0.08867473416328442,0.21139848091975133,0.38372781632168884,-0.23386126054698653,0.7381981374494571
0.13663830215585104,-0.12098443910489642,-0.8655187318959268,-0.07062106310966998,0.6414716816314605,0.22908203644263092,0.6643249074582367,-0.011976658801388762,-0.7630765898110363,-0.9727203083282379,-0.3935609065628176,0.39598094299558495,0.5805193951190042,-0.40849993384787464,-0.00869738762954539,-0.15776240902333824,-0.17895443129714428,-0.537302573599699,-0.7272577899410833,-0.6066228835375738,-0.8893352256733078,-0.6037385163528459,-0.9815982047492411,0.2545168012719565,-0.36724918522463423,0.9462894228538172,-0.6125658984474043,-0.3083428593808122,-0.2843176827169336,-0.9830970078750789,0.6784159060789179,-0.9360110797113506,0.8803591899292282,0.7841467379428619,0.07097499087724217,0.08699182612491511,0.307045613186832,-0.22658184224828767,0.2938546660066929,-0.9108746750581951,-0.8923432660424038,-0.08612702171202771,0.09847690448570146,0.7749280485404887,-0.7917145432406703,0.6445996999326098,-0.5805145064726541,-0.21224594348530587,-0.36706650430778176,-0.19973899258987587,-0.6990393278324647,0.007112214485271125,0.6032851796627345,-0.11693197924220611,-0.01877284820360181,0.6975351705626285,0.4121162292760616,-0.019091182960430553,-0.4846088985031833,0.7698534536302629,0.1539610000366723,-0.5577464800948794,-0.4623866788400666,0.6044973758930485,-0.9146764932079571,0.9803018482129195,-0.7433495431913008,0.5868041092640573,-0.2177483864384027,-0.02413282535116995,0.7506114369690898,-0.18278243464270302,0.06865677870630468,-0.9062604994720458,-1.002021673533261,-0.5183806262579886,0.355107441543141,-0.7597294902113869,-0.7735068616700207,-0.17872603171110582,0.29526303953816957,0.4240245721041139,-0.6430986518032504,-0.8408237052559151,0.8807940678910884,-0.47866723487579654,0.7067054655025001,0.7269856356974099,0.5450077680594502,-0.6625689872679403,0.6423279328376083,0.5351074531779112,0.18749833110979258,-0.33300197416679855,-0.4849625469271467,-0.7694518747862812,0.003952505797475701,0.15322782105361654,-0.30175930133718626,-0.06842324197459969,-0.2905670934650843,0.26410781621566454,0.7801306038080068,-0.6912018392738457,-0.24670898453485207,-0.7212818228262637,0.24883019887036625,0.45614990630873953,0.8624204072603218,-0.44245694813222447,0.9003658759103838,-0.8734746563586504,0.20602772672917635,-0.8857345507029504,0.7875916738317531,0.059622145129813335,0.3386505310929491,0.6619265508976927,-0.7027801866445078,-0.93046863933773,0.7442660100968467,-0.3871723939761602,-0.761003739529364,-0.08275531228579354,0.179644778722198,-0.9621492287895757,-0.47670810910655076,-0.9384006073677998,-0.12886180961222218,0.8026622478322103,0.9506015191363099,0.29798891013674883,-0.6198101425097359,0.860823972139166,0.0651472475364541,-0.6797319021984615,0.84513384821702,0.5141089125492236,0.4632854271438424,0.4181982853061848,-0.5993203578071153,-0.5779866165849479,0.3765674436404668,-0.5607624939905468,-0.12486675970212262,0.5575384105319059,0.555352242456303,-0.11463121146734562,0.552549523616625,0.636794367445407,0.26711625946939554,-0.5795263580047123,-0.4870118674083022,-0.4266794172678824,-0.8332436768683379,-0.4658802428001616,-0.530912839632494,-0.046888976517431555,0.8398925877584889,-0.7125318630188648,0.54084028873158,0.4541106386261952,-0.7553809894547997,0.8665724734286582,0.14158854272224225,-0.273530228246509,0.5124472147276248,-0.48550742950805903,0.3870196740926408,-0.9205775852287658,0.6782519624985898,-0.1056567639025793,0.26718197644887776,-0.5705182377011313,0.3321645937900394,0.5086137521361495,-0.10177042728177171,0.176856709183116,-0.15323641131689417,0.7189089796220399,-0.08921433547779736,0.5562458107630962,0.4646985710225509,-0.2422835521061821,-0.5249782459703982,-0.1635440184275086,0.6854176703369411,-0.45484451601048226,0.14317537508111855,0.6649699857802467,-0.26605311583158914,0.2956492911065948,-0.5052317524059972,-0.7806271006690221,0.5890527750420591,-0.802153082600631,-0.4572379866895081,0.7101629461526872,-0.3075717988248556,0.9423980539717102,0.9501443082742024,-0.47939702386829713,-0.9451800763906325,0.36455979020122947,-0.16174240559590927,-0.8774836700589294,0.3141348738360925,-1.0522677966581755,0.6110222376996953,-0.8838487389069288,-0.9061392579342935,-0.741064928311153,0.8907191663304178,0.39281037386573253,0.6411715189923791,-0.12084828240099202,-0.2689885178239035,-0.5230826714300345,-0.04930999082434167,0.1000223847044803,0.2663011699427804,-0.48230582544996203,0.8985804529296785,-0.6605760795247647,0.9313010213958374,-0.9704156326878035,-0.03836338507717932,-0.33686735027057646,-0.11069979808389413,0.1253158773099906,-0.16042169656249075,-0.23219416100137946,0.36358519432048647,0.24124362221848863,0.5213845409002655,-0.6542422853364179,0.0451985518667306,-0.027188162389599032,-0.41460176118907627,-0.07508691047785784,-0.3580628790230229,-0.673590153074029,-0.5211701543999854,-0.7302408037177077,0.36975719527301826,0.27839527705964784,0.8600647186023826,0.44487458319985634,-0.8938099537732888,0.7727861334387172,0.7264727331559405,-0.11336747271642718,0.17169001127453648,0.9519917219621222,0.06411724113027445,0.8082648724576739,-0.8401181142854823,-0.6307160754784662,-0.1576980194288017,0.08790818064147685,0.505831186250132,0.8331512419158775,-0.36147914650435914,-1.0639024946137134,0.4035198838085051,0.020017731395426275,-0.6775733511057337,0.04756041102191083,0.5830394833708453,0.583641414776529,0.026501771694097283,-0.37331968700383455,0.9051356899765737,0.25610588279118934,-0.24084271218434028,-0.4625094619730627,0.461156864375891,-0.5131435174101002,-0.6568560470365783,0.05925278086046349,-0.4200884494747521,0.25774683226294887,-0.7646083434747571,0.3080445630697555,-0.43740440692290816,-1.011004607534462,-0.7934173193297577,0.7729668813555263,0.6135496313520284,-0.6407821506643008,0.4563055140736364,0.06689283339238714,0.7618864190783514,-0.36347498542012013,0.4186985442042178,-0.6995672883419176,-0.05675873273334543,0.9524253206415491,0.07812938966536485,-0.44975597143685553,-0.8288702768737642,0.3230661431085501,0.22457023938612222,-0.28191659356434834,0.892932160450948,-0.9564280332341585,-0.3923073229995681,0.842089965691877,-0.3581552923315721,-0.49554070410033185,0.06815680507122789,0.6465294990992735,-0.7966931979679034,0.8723131958824336,0.540223846766821,-0.7264057283739118,0.32796260460075705,-0.2996816351380033,-0.268161229868343,0.44111861735322466,0.7919499211202223,-0.7574608218080812,0.025561460312722228,0.21253680167742695,-0.11484548152063097,-0.2699340366449314,-0.9272993904462805,0.2890754016697978,-0.22104734773330048,-0.6887677056404709,0.5765967337310315,0.5772368233805469,-0.0366576570188044,-0.40460860961147505,0.27639196126063914,-0.4236948400816482,-0.5279848307695185,0.46100844171001504,-0.9194054599840821,-0.8104732772949328,-0.9890456238647648,-0.7103507320157063,-0.9101481641187134,0.9120594745537689,-0.4980086570901887,-0.7569941551125435,-0.5865008621853036,0.7661923694971902,-0.04152171300357973,-0.19254912492615908,1.011393746452151,0.021724274038149343,-0.2652324127469989,-0.632929175878995,-0.3451382497007113,-0.48760670336614637,0.26147797128993905,-0.4815352231507246,0.11022140098700497,-0.8928316225742203,-0.6273944394123887,-0.18731300778670895,0.8735875076797543,-0.24550650529829252,0.3281546159495749,-0.4898284468920812,-0.7459345424051723,-0.8830106500531558,-0.3931354631812912,-0.7022403971266066,-0.6982930248505061,0.4486733324570164,-1.03939935954821,0.055370950303888916,-0.3037557051810741,-0.06304589498975353,0.10759637007210876,-0.21051551012477143,-0.1466961616127559,0.6163514229015541,0.7032129668518671,-0.7431179427019966,-0.9590488424327658,0.6704709393356015,-0.3746360187284505,0.0499947859688128,-0.3243742141655322,-0.7763912139124796,0.16576942038410925,0.046593718558672004,-0.5948636869503747,-0.096247797952878,0.5938974498683086,0.18085218952194462,-0.8061239992427466,0.09623995638879203,0.4008513448551982,0.5683726634825176,0.2136991597144408,-0.7646450975392741,0.3401901961559512,0.281407671510712,-1.0074893806719696,-0.2049200252065128,-0.26892499966270994,0.5302004101762284,-0.3737085499129756,0.21494731465845157,0.685603034116501,0.4190287323142167,0.6967359916083251,0.8657623671310104,-1.035914507505248,0.18820955660411584,-0.22565837938811636,0.6867951405816322,-0.5122796769918668,0.9557643697462713,0.2272202612666209,0.5870867179595253,-0.828800112587745,-0.6330842614340411,0.5170857266803922,-0.9560625600911176,0.6301843723200644,-0.9891178486217739,0.2703114857297506,-0.3447339079235812,0.12978188674185986,0.3060619270487127,-0.3637732143058359,-0.7521970810113892,-0.7400288781550283,0.3594544556629943,0.14346056860829576,0.4084489998935066,-0.14236895451899992,-0.2963702189507713,-0.291535824273523,-1.0017994067090374,-0.38101338918931255,0.8880564182797438,0.6883099935654408,-0.37735770644169886,0.158028322747955,0.6868667629170581,-0.11784912285620122,-0.964074426317716,-0.8509791779217748,0.020787371985529164,0.9391006329723789,0.3862531656178726,-0.860458492294969,-0.6395361539197525,0.4955440825358962,0.605102669797583,0.13675771974224543,0.20109089280319403,-0.9639119154328646,0.7100419539239263,0.6871946869398291,-0.3509463485425155,0.4402335799574454,-0.6908772761185874,-1.0549862706162485,-0.6897429382193394,-0.6995532931773196,-0.3699962927971642,-0.22126676795336278,-0.04879112693426432,-0.10186872980692392,-0.4942467003890528,-0.962029337467007,0.19924243097018393,-0.20958426099748953,-0.4026363823770445,0.7338820856610246,0.49349824551070015,0.7155403806269883,-0.010167548029986758,-0.7406448969272084,0.3724450976165066,-0.6321352478303164,-0.1863366638776601,-0.9508022354109649,0.5933447184099679,-0.7244087819424582,0.8742953454182033,0.8294243144243351,0.0025972041947569615,0.46031637289028227,0.10551107979964096,0.4758409938676094,-0.2254642193830805,0.5001469870544633,-0.13731281754969787,0.8094346954799859,-0.09875187844414321,-0.13098885686949505,0.5318232781159773,0.6195344734082394,0.09827658786303427,-0.6415455380107571,-0.06447798470759951,0.9361427917918285,0.5059637063744342,0.6223095288688014,-0.9347716143291553,-0.0683232395064169,0.2731217805147371,0.6198320565537601,-0.9563852993762735,0.6514894149372185,0.087746694741295,-0.5517893342722926,-0.2823044707566121,-0.33835992304495616,0.09799021631418348,-0.9559545623501379,-0.7948639518750293,0.5084685572935652,-0.8306637605723216,-0.6209534466891563,-0.17013616720975205,-0.04467349962066668,0.45225224867771985,-0.16154154753814842,0.5451100422117391,0.21818035890510773,-0.7791627499622072,-0.687742104341827,-0.1258807505857848,-0.20622074541980456,0.4870650597622238,0.16146906801174515,-0.2245038864577332,-0.6634637424442301,-0.563321900247482,0.12755640075046953,-0.1755263906329649,0.025076754367393025,-0.617656747669413,0.3867131027807976,0.7758494582621205,-0.41869598035446837,-0.019540529404603355,0.8597179871474165,-0.4305583720684287,0.0883905374214599,-0.9219543318279141,0.11093369479513296,-0.9069433589429378,0.8369613840779286,0.3637998471671843,0.5323587840086283,0.38780825291521376,0.17100699029015684,-0.10226321999743636,0.7165140738834318,0.9136736207973746,-0.0019276541918373802,0.8630670826051335,0.16649826439535417,0.07571152358060716,-0.09626188297359178,-0.591558065847735,-0.9890098472974873,-0.49769902411051736,0.07037296557471942,-0.15727314670940637,-0.023232775513214624,1.0208422896479021,-0.252420849138249,-0.12727931453535468,-0.8327459396262621,-1.0030755531507496,0.4554967156700308,0.03262910080670984,0.4057748443254304,-0.7941804063215261,0.07402295694160388,-0.5351593786910455,-0.5629038293156801,-0.9839962596413356,-0.7435503422920693,-0.38291919071487573,-0.7664780772441372,0.9717196357567934,-0.38273264946009294,-0.7393526321026118,-0.6018116821301598,0.1743755815088458,-0.8747300797075077,0.7296412660264858,0.9482292154023947,-0.45972330236871894,-0.03220649251820703,-0.8667600863846231,0.350654580216447,-0.12410161033214644,-0.41919387760971655,-0.6183865289954469,0.21256641790079925,-0.25222749700576413,-0.718859552933824,0.2832968051708083,0.02554509888003154,0.6421585142063827,-0.8069592205709742,0.5507425138719692,0.3374543621555276,-0.7742602266595029,0.3865165063333521,-0.11792199934652206,0.8899440080503371,-0.7167773016360245,0.2856687709518564,-0.23603953204637068,0.9136522106553678,-0.34099146074468584,0.9237268064501418,0.8209983894771894,-0.417607000743338,0.6575248703274085,1.0353186658945015,-0.44674824389290385,-0.09439144235092307,0.07049547439458438,-0.37677099648142637,-0.9897292174968003,-0.6149308981674438,-0.48121425246660493,-0.15293320858619625,-0.7143832374931959,0.6806138859495474,0.36953674704674827,-0.8496749291074878,0.28653751874003613,0.2978429967450654,0.9066427109314253,-0.9961911361081903,-0.5043454173429118,0.8557624907176684,0.8642678254947381,0.4411728387412748,0.5315266420950799,-0.8171491870966212,0.026272025775476337,-0.5364585695619869,-0.6215312297985075,0.6541955823976342,-0.6961253382875132,-0.054432886933315605,0.8592374833337234,-0.6385050700179997,0.9609810232539673,1.0048340160683107,0.09638303805513833,-0.6970337701370241,-0.39961393637181447,-0.1698907526002808,-0.41076825841607834,-0.4790408818275888,0.9201106191082838,-0.7067084334480865,0.4563654352024687,-1.006510764069702,0.18738644646995992,0.8304388999743413,-0.42358110685823774,-0.6283842095181961,0.30335958975685395,0.4252028145967863,0.3760610379039626,-0.3613667186698813,-0.4965627892499605,0.908111463452395,0.843761877187129,-0.09415575482243048,0.6636074424396841,-0.142119398958272,-0.20635387438120337,-0.7446027786408272,-0.1981556856200549,0.04531524327686604,-0.9820156343241344,-0.13940743213208948,0.5379476802101755,0.33745106772015304,0.2355018797050942,0.7762955389593857,-0.994023339151456,0.09896820580394766,0.5669604977615517,0.07848402392849729,-0.35440063407770644,-0.7282781467664166,0.7751159499819464,-0.05847417265366304,0.7562303939714028,0.17170424486633662,0.34838423323000156,0.608522267883702,0.31811253149919244,-0.2056240412592641,0.019939542531173856,0.5865750198155262,-0.2873399378759082,-0.26473204149696083,-0.8504854733859016,0.7784450038040348,-0.8600803879178013,0.2688267543203837,-0.18913011286787743,-0.20126590112336962,0.34067744181522985,-0.8854330898470953,0.1548923028547323,0.5017973251344992,0.6268903478000131,-0.6726921312405926,0.7886057673231848,0.3100426214876282,0.7629154747621434,-0.029557238687676957,0.08406522527307872,0.8380748734940544,0.7998190867093435,-0.10367825326199598,-0.4511747367286365,-0.2136591308714717,-0.22449245485324523,-0.42726395714279,-0.46665177207088526,0.712677644311089,-0.8740956360241845,0.3413400482674935,-0.665004281180925,-0.3201446390927182,-0.8870427286410318,-0.46944868395533806,0.5288067587509389,0.7621118223386139,-0.5631629740551842,-0.07905072153541282,-0.06955201094223289,0.7325091768365662,0.5147555527294901,0.02167831863032627,0.33995845934489627,0.6943069905439009,-0.9811671252152153,-0.19422007497001775,0.8144535497486919,0.4806260616879028,0.08568274866814929,0.059289054070266856,-0.30445980479112444,0.04104106728302903,0.3107663989269065,-0.1633280148019682,0.4280961310911715,0.72187372576519,-0.691853819593349,-0.09806466787543183,-0.1844253344614665,0.3743434896954099,-0.5009829240907885,0.2797570965037666,0.7541684594853735,-0.1644278676619185,0.8212226083232682,0.9853218729102802,-0.78895429662001,-0.5352623446777656,0.9001436056722081,0.9164034790292119,-0.8045618451489747,-0.9698284840228941,-0.6777666737909341,0.9920255667644966,-0.6400007667786263,0.005095213444046287,0.6968354528610221
-0.9591967786235873,0.20897796451691897,-0.44594910226075135,0.7246698328794632,-0.43307770147184166,0.3735114405638178,0.3484392648947938,-0.55701290228072,-0.9304016002632998,-0.18150085242920544,-0.4216136960682606,0.6179554992274172,0.600900105618961,-0.08558724808691938,0.21301201041756648,0.20851851363098053,0.6543162968552467,-0.149995171753605,-0.44910664041898185,-0.46993016371890506,0.07238455856440829,-0.10170359453557487,-0.11975845803012763,-0.8177253218205855,0.4372074813803912,-0.5725266240361786,-0.6060927395825573,-0.1744833594452131,-0.5444433167643972,0.16771653461603075,-0.257073321331057,-0.10217655481441978,0.0743518041910998,-0.5928886742651814,-0.6881043061713277,0.7618909203973168,-0.13071783996942798,-0.17322442168689556,-0.9246878482377443,0.001028599578714455,0.1128680178358911,0.12223205477983494,0.4173752544467687,-0.6432499146866812,-0.49478528104590325,0.6221924247231658,0.8954519634891931,-0.7267688429091514,-0.0035312898690226134,-0.5711009810530756,-0.8795302259876161,-0.3488961086070233,-0.7126247496315745,0.41986614686849255,0.06745082734288887,-0.7123310580193782,-0.9815168231889713,0.6163140980484254,-0.6476059211640008,0.2124306934927219,-0.326107718486814,0.17102535894524298,-0.36762292672520563,-0.822464763472511,-0.5462288329035845,-0.6102159914547736,-0.1216814639624559,0.34882951640708887,-0.4313075317005788,-0.9356622159526874,0.06868194735160041,0.22836524406460224,0.9347281838046307,0.19038081690410513,-0.041157065733141755,0.1645965896886878,0.8689935282132323,0.6649333431639849,-0.3477582743549379,-0.5228667515458334,-0.47374297339568633,0.009015782035739345,0.4880989024571556,0.006438414365924183,-0.8644072083437748,0.4471614008799618,0.6119506470634223,-0.42100076102770956,0.32828741996246363,-0.14670155309369895,0.7800563580810047,0.6959960464649502,0.06141042838833232,0.4034512176007077,0.8041043727924073,0.04493307504670908,-0.3181728880365842,0.5475270921403974,-0.5320391587139112,-0.2068276519728602,0.7484241576724161,0.4808323737699791,-0.1406585604248758,-0.5138055602280057,-0.2409506341851383,-0.3997530982428734,-0.630969759563718,0.4923862646274847,-0.49367617085441506,-0.09123723686374405,-0.22827497815837797,0.9641547572712617,-0.21781551170355895,-0.8400620745057121,-0.8203615997362238,0.1813753720832167,0.19840286435798254,-0.16471191905050353,-0.13964161519119928,-0.8981625366471023,0.024077907511949288,0.0031492626674871887,-0.6938737534553269,-0.785319404206349,-0.7680469654968388,-0.8405477973267794,0.1570407035691701,-0.6736643433306321,-0.5380420367503171,-0.6679521242520443,0.9046893763435583,0.692489256553878,-0.549716841586367,-0.34912051047510645,-0.5862045535493065,-0.021111829052959726,-0.9634896168786108,0.3420114030656812,0.0460869227540485,0.7973095944878603,-0.6712146313431717,0.6082184921222633,0.583997943967056,-0.7462065003141369,-0.20628320403521436,-0.671695154674068,-0.5157579210369305,-0.5157474843085275,0.05346050975853968,-0.24932009366009578,0.8144861328117213,-0.8568241201859597,0.8039709222742487,-0.7035980640736313,0.39594586778391655,-0.43289324196668294,-0.7827127112380728,0.6649502650584915,-0.4624342708194027,0.19412311896358295,0.01343103679472305,-0.14595454409454464,-0.07036476751920055,0.4270707205000371,-0.8442042189794489,0.32964577822818997,0.7902489514276846,-0.8844184778076499,-0.7186933215326665,0.4332580669427951,-0.12528546116270872,-0.19421409301711223,-0.7354532937299367,-0.011788498106616014,-0.7990909906608327,-0.12541064935206833,0.42490503733491786,-0.5945649925929183,-0.17421023765663257,0.8224725366494505,0.19641843392980002,0.5235686968662603,-0.2695609288615259,0.508334684542226,-0.8929232627346856,-0.733704983142888,-0.6416717908533868,-0.3255571456004184,0.5302756044433816,-0.4498562503265886,0.19886546602830427,0.34318340937010966,0.12669002201800494,-0.30461442034927133,0.1496515767186812,-0.315898285816998,-0.8322518960803943,0.9855386762548319,-0.7443299058781897,-0.8548408914629189,0.7485327134938039,-0.42393261027786466,0.24646551180683704,-0.40568214880046527,-0.27193790407195695,-0.5274619026773012,-0.3842242975021487,-0.2626343543428321,0.37614766497401714,0.015612352530707583,0.9240008688430865,-0.8514389833656084,0.03711965448078548,0.1308235046121195,0.7480953154671471,-1.0109454204753185,0.02315329463986935,0.5847139531820588,-0.621766355944723,0.6777102239840228,-1.007191608429948,0.43985619999224906,0.8605883090840359,0.3141666798847258,-0.12193949756831451,-0.9098126190418943,0.8438757091574556,-0.05404389394422254,-0.9412622666260853,0.36926079725502947,-0.05387491913683338,-0.7525669179873573,-0.5453586645281349,-0.8288771997067836,0.18410378038014635,0.29775226120438764,0.1163360664883585,0.7728576283351958,0.820808598571321,0.2250944528712734,-1.0637466471242576,0.2382722190648543,-0.3028402016319351,0.04589984071849894,0.24111080252126577,-0.3534430415762656,0.7827115655659204,-0.7692023567436853,0.3243078515576892,-1.0016826129194958,0.8465683908931702,-0.7753192874540508,-0.8102311776985723,-0.33318554120085886,-0.24802041639077213,-0.5616159284710387,0.18024475328230982,-0.10444681603184389,-0.9061341502845845,-0.3114419899098046,0.6982740166540814,0.48828960757068995,0.5787555981267991,0.5530936712820078,-0.1924448969437317,-0.6497089625879682,-0.42865035294741505,0.5376239319003281,0.7644865099678447,-0.18750451395124862,-1.0780486507419824,-0.720629867083325,-0.31761189246986393,0.18090183310595928,-0.8527329427976882,0.8729634082211369,-0.2721471514668134,0.8225002611565826,0.5594795694431332,0.5105067076655486,0.21343917168282492,0.25422390757340757,0.2799009481085604,0.26719421491348,0.12205952834345497,0.9950341219869078,0.5092146603784221,0.6223812480226976,0.8396832803816475,-0.4394843158901488,-0.6857116309920646,0.10744497358844932,0.155305498483147,0.68731520164465,-0.22600043142894805,-0.04525343077574893,-0.10901780526615618,-1.007464448506336,0.2462831121339455,0.7556724126231298,-0.5683444416652059,0.2517510192642139,0.20044854484432223,-0.6833143779792805,-0.755804059868113,0.957842568574073,-0.21418471010020174,-0.5452239417502653,-0.6573491622143438,0.3355479667671486,0.22182772155446523,0.2957905561871803,-0.8073243353553358,0.812716862499189,-0.17947369812233357,-0.31169358576445144,0.00745061418287988,-0.1308436038169077,0.7762847829847037,0.8867335234943344,-0.37057114557746845,0.651822888224667,0.38937062086474356,0.7033177967509687,-0.5612310328751211,0.21069908564962475,-0.29637319889423847,0.8373024764190583,-0.8284308276172263,0.2001292385622041,-0.31781105608053806,-0.37406553213055604,0.28530128653902764,0.7022441325886593,0.2168246533702286,0.7062622679675435,-0.4708058263849989,0.039274596123568484,-0.09616341965919027,-0.9683640906017771,0.1294196294113097,0.3399882198557436,0.20395405186395357,0.49830471853106384,0.17298375759011933,-0.8820724537008092,-0.8587158357660083,0.08502555412393864,-0.5186277336187397,-0.9481067762268551,-0.26932172654467074,0.07957672805128019,-0.2541813550767017,0.6261450649185692,0.5348102372268795,-0.10840314319243334,0.655258927296885,0.3474836077797859,0.2684398001593127,0.0840785279135913,-0.9779622392516967,0.3950851714587962,-0.24865448088915607,0.8852321307143854,0.6359683576815336,0.17532425417849334,-0.494375447501838,-0.5861489708030955,-0.31081509267407803,-0.057072416344839755,-0.4286782233657949,0.00508068303308579,-0.7032565674270738,0.8209704325102747,-1.0050443777305207,0.638393622818006,0.6811466131849594,-0.05518159507522171,0.4189229150663596,-0.024651048249534672,0.4363790208926951,-0.09601278037139657,-0.17276423460923668,0.327849428707835,0.08407353667609153,0.17109216492057136,-0.4474408020347758,-0.2869855955287924,-0.8315684422316506,-0.8911553808625531,-0.49311107138790333,-0.8515427987261137,-0.7925057756395812,0.625767670219652,-0.9219836908965536,0.3198068912406179,-0.46205533485033917,0.6887634934252096,-0.11287073551471606,-0.46045090031064284,-0.0389720653021672,-0.39973198611601035,-0.11591140315688166,-1.0039313489934873,0.842122985477819,-0.19749290791069082,-0.2347231168309755,0.580886215918546,-0.1118616261930582,0.7672505297864114,-0.04170008406930561,0.44547252006662624,-0.8033398224354442,0.6532669268536881,0.4393700074734374,-0.5962856402016834,-0.7087559113273634,-0.36138285590395214,0.9521649005159444,-0.486346621054082,-0.0877635612812343,-0.9400345459237809,-0.2058351188987605,0.14070454466718707,0.8815870984230813,-0.06430087288989406,0.5026361021988354,-0.0035073332071966657,-0.9703618210555136,-0.4546096721384408,0.02457590049985393,0.7925741672486684,0.7086062268652871,-0.46389965724329746,-0.4110061189841173,-0.42957564803977283,0.9184082353336667,0.6452999362442929,0.39881450791497,-0.37285673838084027,-0.10652854074148943,-0.13652022694798002,-0.5265056786083008,-0.0029945409232224663,-0.9377183051850363,-0.7292647390216516,0.7731704277788842,0.5033559087122298,-0.15426265136770728,0.034264481454414686,-0.2609834897390156,0.47836529498092584,0.5301951837408013,0.40789740062067875,0.287506063579461,-0.6968515050702709,-0.3439492841144424,-0.03503685537839081,-0.300124562300804,0.6078946746058106,-0.16100936679533412,-0.5206778932259559,-0.005144189501129031,1.1018631717005007,-0.5309400776018359,0.07412545466456474,-0.37857523740388016,-1.073454074994528,-0.16343497162654044,0.33580397516675725,0.003091230245939737,0.7375251839912839,-0.41770276187245886,-0.8208082346758815,0.8729032800630622,-0.24361435318912186,0.15281110290726674,0.5838588249288152,-0.35288932138423085,0.42607179679439944,-0.7787891013324297,-0.5395128329557781,-0.8622887264350494,0.5161682644714567,-0.5564826073241831,0.5249482547361589,1.0336082907664899,0.2796763478748627,0.3508803968227859,0.18815975494534906,-0.1382672207386565,0.0606291435071454,0.17172939969449216,0.8092874518869646,0.6777585143926952,0.5637394498029813,0.6754913254107409,-0.11665991609655398,0.2949127227514669,0.7891402333053279,-0.2071123426699964,0.9283381554187831,-0.16867625065266553,0.20212765583503842,0.4197026848117628,0.901000629363317,-0.5133284109800845,0.4814508346507493,-0.016282080613769997,-0.5846031338411504,0.4116816940146187,0.0074930972654769,0.3242585062437824,-0.23573098924647837,0.16759880084457587,0.5091999430523928,0.10554307651146097,-0.3374129595314494,1.0807712827083193,0.04934479699730623,0.39065290751333337,-0.28618124579024956,-0.38370522045884087,-0.2556272935780037,-0.2503623528163981,0.03021329842198485,0.056398683665037155,-0.011598113496898762,-0.7316652149376772,-0.0076475265372693835,-0.6624250543123551,-0.7478490831539892,0.8652914010268297,0.20969918868297885,0.3141193631544307,-0.2120279457471254,0.7546907838656047,0.15117941242874783,0.3896545207145861,-0.36481697249503986,0.8920634085951276,0.6941433362883784,0.8662780491796055,-0.41217696502819856,-0.18488943801637625,-0.221032925032546,-0.3887341727834839,0.6570500560026976,-1.0186949093762332,-0.9007446227131888,-0.47832131712400117,-0.6272731003893043,-0.6096296430885713,0.5161035022674754,0.08501699965858767,-1.0053907638125854,-0.14972160032551837,-0.18753478515730754,-0.7733832832336085,0.3521914691078452,0.4041943767589822,0.4415802009984677,0.45097864988892733,-1.019916946067682,0.8420585733628908,0.5019536158199053,0.6460402447364133,-1.1021720068876755,0.7630326255809433,0.554139741272187,0.6959895942859915,-0.6895754986002105,0.6283578685318153,1.0049415048932457,0.3167968920799734,0.024002208896133293,0.7961943443121243,-0.15742371822926501,0.16895749799961401,-0.09696753417561553,0.7667054997962915,-0.9328266096139572,-0.04434644850624727,0.35321124715790714,0.5731879220597934,0.1628852105297011,0.8170948165118678,0.8839746263663774,-0.8713614651704776,-0.19542092630574034,-0.957509074231104,-0.35977007698322805,0.01767890569032941,0.7093014785365317,0.5336122232587854,-0.9082398572745487,-0.9717458871409753,0.019433241523805257,-0.04648451562276716,-0.49919576954838507,0.7822685941372857,0.7722810586207217,-0.35432844781598416,0.6067513592567958,-0.3548915459859427,0.39179264143743087,-0.12688454430278037,-0.8403731340930582,0.7634457857204909,-0.15576675637953438,0.43757017112113644,-0.2805834322892648,-0.9690491163242945,-0.800719209191632,-0.00807128681374093,0.3799245364014991,-0.3305292611629094,0.39096774883283125,0.394545141041319,0.3954864965599413,-0.05235419105964422,0.750303679765443,-0.1454454171410194,-0.24573891455416524,-0.7394832419325429,-0.5084456280612466,-1.01119255695688,0.19041478116619429,-0.6048001308534354,-0.5712729280783012,0.31939782168385755,-0.5437038201202382,-0.6691406591441476,-0.7875463341268124,0.44192085731059627,-0.8169521938237123,-0.14109013562180345,-0.009485542350208246,0.36124054307864645,0.25969585849481175,0.6186147327124761,-0.9114349035043813,-0.40742608686469717,-0.43973947540534963,-0.7079661888157835,-0.42164349228711373,-0.38151377726315827,0.03745134325664601,0.30748954900420783,-0.28017630715669356,0.3707789689299187,-0.4028611967234687,-0.46868380391030046,0.08389980112566407,-0.9196811448102494,-0.8349768471986929,-0.2325833193201878,0.7422427457057302,0.2837032885600005,-0.9586970050535211,0.5784715070765897,0.3705904009584846,0.15230883982555907,0.6182229863279105,-0.18774901161020027,-0.553205781593771,0.02310229762735243,0.09639198626053513,0.0760961600854134,0.12985372820439986,0.8972727230356279,0.8044912461924627,0.7514340731178788,0.6028336218172543,0.8865701269967281,-0.8053581641316081,-0.476323943776323,-0.022134878414856972,0.6771997013912351,0.010947194595652385,0.5392490060671884,-0.6174075518969111,-0.34814535953439024,0.5824909346989853,-0.6180911016965006,-0.3094271966565157,-0.4947601296374539,-0.3099683544187269,0.4131022587935699,-0.2680761228062063,0.11681237990535635,-0.7671919578822802,0.6433057070017301,-0.24216341098948096,0.3019064486871613,0.4519298118184206,-0.5806381310896273,0.7693551619490294,0.23244723895965608,-0.14254971649703707,-0.6353296328435609,0.8846018758024135,0.5101106392511023,-0.5841945154835861,-0.3242003530879342,0.6232818409908076,0.4037211665134055,0.5634839897668216,-0.050569148420576665,0.5356080152605932,-0.10441769190564114,-0.4791035587295308,0.3151468606959189,0.9774749572114686,-0.32859763692237337,-0.01014904265555092,0.41009079751721345,0.13330179720047894,0.7289000294706156,0.570760099373492,-0.8442474260631582,1.01641543251107,0.5100457252572032,0.7289412521285077,0.30246483393025314,0.712608162798659,-0.775235356775289,-0.3045243288813688,0.7528418872089855,-0.5966895774662155,-0.8435158028399545,0.576252857165105,0.6718411070499172,-0.6721363920462193,0.7154856194195737,0.38902968509982117,0.06749098075027887,0.6957948585077846,-0.12382617022814386,-0.5794685432847058,-0.407848169867463,0.032403474265927296,0.09556901646954086,0.6447859202359829,0.6097845560012071,0.18154903167663236,0.5767335035180278,-0.5972026710911272,-0.88403572393347,0.7532832225256604,-0.8474043565572574,-0.5062910115075285,0.39063826990135453,-0.18110235601542077,0.7526279398310176,-0.4040404106754609,-0.9762573066612814,-0.39868871887851176,0.15615009836966331,-0.24812324919341333,0.06974879374385017,0.7532197807241741,0.8252574667409108,-0.4670490097831811,-0.07466673896065719,0.09933550864187997,0.8993957102442491,0.9985567876517291,-0.5263443099633096,0.45829708884951753,-0.23643407762061838,-0.9770093590328052,-0.9766028232164906,-0.07641813456297532,-0.021873920552306785,-0.9530123808354988,0.3755277131807672,-0.4111974948600918,0.12021451833239358,-0.39808640672662593,-0.6657313702613856,-0.18565252280224942,-0.5354532704189985,0.06960195383833612
-0.6023429394270401,0.01681195328925411,-0.6852429702622649,0.34194941897156994,0.5078753688828481,-0.7792115315001324,-0.06439517592532162,-0.8582565986902528,0.1963648910840048,-0.47119140414070926,0.05524891367741569,0.034922018768582364,0.8487093205925111,0.09816781768790361,0.16599695609634385,-0.19669374861041816,0.8981592063656336,0.5543718188792193,-0.4291894193943169,0.6884191715524641,-0.13520727962982004,0.6573342870671879,0.6457761365870041,-0.6222596264742912,0.40228226276715384,-0.4187140613869378,-0.4050146600146636,-0.40730384623883853,0.4511364951198964,-0.5403479164149279,-0.9981883295078195,0.4304737069652662,-0.6576282297046362,-0.7910189773953328,-0.5244879760229085,-0.23908219120544938,-0.047314528707972384,-0.9101017360999029,0.9421562215495105,0.4327839793340473,-0.3524940576136269,-0.36085307540783,-0.10088965413223576,0.25474066151736363,-0.7047730488830645,-0.6197383852641184,0.7208744128874558,-0.48562330797846925,-0.23806177367574255,0.7434666856798703,0.3266731682085949,-0.3164064418936627,0.36739909144924154,-0.9606335692371726,0.4712853200227305,-0.025967918967521042,0.6263642945689225,0.9092753040129367,0.8515788239628411,0.8185315112491626,0.024382281155880817,-0.2796653702115772,-0.06911397019168526,0.3824118808452229,0.7709524909657861,-0.5834963156055678,0.8391168085909239,0.6334320792881462,0.9640873064504547,0.7736110100806867,-0.42055137585170654,-0.7662320729940263,-0.7548785747084704,-0.3974192712599866,0.24675741006441876,0.6231122298940148,0.8106932053291307,0.2569614617400331,-0.9831203935132642,-0.6256918643864534,-0.8000812053430969,-0.27314055458546876,0.0027019872674918233,-0.9132056428428783,-0.30304404840868937,-0.6416406507493548,0.2941422560469304,-0.07142282887524966,-0.009325000163347846,-0.14446715441343255,0.9135243078901841,-0.5668848893128939,0.03743819510113248,0.4750873998810721,0.11673835402610391,0.8622712304241175,-0.23366097519985182,-0.05192368495344244,-0.7964939984612149,0.247404182156853,-0.3971358433033862,-0.649579846861512,0.1188294012195964,0.0917192177581637,-0.8251077288386635,0.4118677009060016,0.25519153553369206,-0.6197069516169038,-0.06017128185169152,0.4409575530321936,0.05886261817172451,-0.20902184763285958,-0.35532308383811273,0.2207877617956317,0.8782255763214936,0.3435271477858316,-0.8503501188526434,-0.07785990403467662,0.7843235906226822,-0.8054095993676704,0.9843446998548218,0.9039344923663024,-0.836379787181015,0.87337625266194,-0.260555467646351,0.7134656318380809,-0.1434186089491115,-0.11626277318039029,0.25750789923380973,0.5435680591444984,-0.9284301677956673,0.19050752159566928,-0.6260434443168473,-0.31411911483798544,-0.3147754730053115,-0.06994600803464569,-0.33434179487633786,-0.785771457845882,-0.7088756857408852,-0.9331005628725607,-0.059501829342491375,0.908895389705977,-0.7685849217309287,0.8926252142514073,0.4674135807054023,0.2767172775575912,0.29565431284620525,0.6618545656750797,-0.7780682986780315,0.009747867859233489,0.39358756074855106,0.1848856025325987,0.6940736123401267,-0.8113535172181832,0.4281818986674539,0.09947976860973629,-0.22644501525380006,-0.31912082682049736,0.2332021282776957,0.7627539397191062,-0.04278616160849114,0.6068437638252321,-0.24034178934006079,-0.8314158415210401,-0.8938044483590557,-0.9004281470267371,-0.23991786442251378,-0.3255179512802322,0.435874047245139,0.48564255684199625,-0.8983247468165609,-0.5570274730150484,-0.44986478718917616,0.0975775249400652,-0.7034798588728555,-0.71796444817756,0.8971445091614324,0.609996685331336,-0.6365311064942479,-0.16410865582242262,-0.23520918274106942,0.677217644963569,0.1622527592908443,-0.583888800597036,0.6079074181461305,-0.1290977340616369,-0.4460904674518124,-0.260083969677125,-0.035642507009171424,-0.3534243444054717,-0.5630510047664052,-0.25000238402282304,-0.9884315833007178,0.5378232291372336,-0.6595777762230102,-0.9122686514254034,0.3074013888106733,0.547912935020054,0.627608948815404,-0.011954998550221899,-0.5870434238447892,0.4783257073612104,0.41592985937942395,-0.4765443601172333,0.8324216245464027,-0.7831280620935945,0.9693380807133145,0.75841233864203,0.47959888938089645,1.0632085960281208,0.6987153805873294,-0.36062478538607223,0.0827501716904075,-0.737666190205782,-0.16206959393025494,0.49804569846265906,-0.23112659967249893,-0.3558605528980929,0.15813095539800057,0.7090557335578359,-0.927932654016175,-0.23822816204116506,-0.6855953077826661,0.39075844106129426,-0.7885325833912713,0.3297649137078258,-0.42785003906740826,-0.6012250436225365,0.8755166600085966,-0.9536185078976486,-0.0938551238006109,-0.909867147603767,0.009570130094736912,0.018438518812070863,-0.34184297668790137,-0.6616371888416347,-0.08542481276107979,0.5876567379304377,0.8134593144230959,0.24633046828598465,0.28181069835414646,-0.5530961739980933,-0.4000756206846281,-0.6520302383701914,-0.48573808546588604,-0.5418505698913268,0.031727352158536115,0.11313771779159172,0.8785444331808745,-0.616621565650157,0.28145060216351103,0.634571922701979,0.1204878541232556,-0.4898655256896177,-0.47492389151710857,-0.9195490577616546,-0.3830942463691142,0.5051288972145964,-0.8609412974720282,-0.5067321474852522,0.4503287352365116,0.5680810403374884,-0.07118251483763945,0.47433777826439805,-0.06968393119399252,-0.4789340270541512,-0.05263420187612841,0.20102649726394012,0.8551550501935745,-0.9106984325741705,0.002554904607174699,-0.32525769882829725,0.04388502997514471,-0.9164337794917824,-0.3470191554539299,0.6586416353492851,0.11137832474774079,-0.10223942898260528,-0.4295101761456059,-0.4038478489278808,-0.23379735379116226,0.6712177108938682,0.9345055150725567,-0.12015050091074253,-0.20512550859501957,0.7132566822160852,-0.10116888887384706,0.15285583213753695,-0.5199116723820265,0.4681821394781147,0.06327646194327605,0.6773677144799182,0.6823198509582155,-0.4256693735283944,0.4820407755838112,0.5375625490341892,-0.41670856698428593,-0.7393203487793243,-1.019413005036923,-0.08786222211013657,-0.2567346602179904,0.17096155721709752,-0.5588200411872972,0.7624694611575925,-0.47193804974015446,-0.5457382616276762,-0.03825617065422997,-0.0022403961955345763,-0.5698323095081431,-0.45608444671889464,-0.6599136676333152,0.43868539950078883,0.5478506613646075,-0.05663082613601805,0.46407452653708536,0.5046191193752224,-0.7323926850799131,0.8821164721767712,0.6114471523780245,-0.5472894574452789,-0.5103134094250994,-0.6302903517028626,-0.7312953899287367,0.39944557043976336,-0.17168208356342407,0.4876623883985265,0.46767143749584755,0.227956009738466,0.4218689890896786,-0.8888521662551192,-0.29825906970954086,0.32771471594495705,-0.9652028187378872,-0.9321770379354689,0.703840366341945,0.36805149702932094,-0.46926031408073327,0.37599027804933666,0.5853825446665875,-0.38495303142491755,-0.9238873256443301,0.8775700207077942,-0.29050523771853937,-0.7898920181346981,-0.07687493390274538,0.4476463961497352,-0.593467609069445,-0.40552548573554825,-0.3882804408883454,1.0690720367946147,-0.6443154105017426,0.0694918373032226,0.7686025498776012,-0.7668697973637081,0.9241507514689827,0.9160997452441403,0.8081159973241979,-0.5050005483219414,0.344086382589619,0.5738024241435302,0.9861994893733714,-0.6379948043013854,0.5323793026865091,-0.32237132102060856,-0.6487554919321521,-0.1573040381809665,0.5879222056379859,-0.07041315547164029,0.07543059360535954,0.9920795569248513,-0.21479387114032014,0.17629600856697222,-0.3789019471774268,-0.32587287459710573,0.3589516876075001,0.9304599429073034,0.17517086891442496,0.5545141732192772,-0.8876712663452456,-0.6485609493729415,-0.06183157930734765,-1.0226819922781551,-0.5120701171567071,0.048690209860076064,-0.9513657714818446,-0.42288374421663505,0.09316009499236194,0.19267380415662058,0.8652168532160409,0.29217609554527657,-0.17050121092747142,0.8607152998698459,0.5697658235201917,-0.6000034515181044,-0.7382465988601408,0.3504091715504204,0.11396745866431654,0.5620858233236845,0.42566236028925936,0.15035906464124743,0.8245125593022752,-0.059065378979273324,-0.8205246137196165,0.6614474790678805,-0.5040006393098939,0.4700482229905174,0.8024297285283805,0.3053257369219203,0.1191170753797824,-0.15943935986711139,-0.32058299167191434,-0.32369266460987867,0.26207751086534614,0.5278589344726231,0.39875459482282216,-0.5715165606270873,-7.828281398557668e-05,0.5846023759382754,-0.048878229364920985,0.07323793266782834,0.5422720212451909,0.322556211445244,-0.18119422765343265,0.7882357783922561,-0.6829108589605901,0.9555864577846744,-0.8364687061435653,-1.0856177932522577,0.6345982949629975,-0.6179230260254355,0.40347387751529024,0.5689174676091625,0.6096225312280216,0.8147921862198148,-0.5659549615055836,0.3114181287334007,-0.8548649664709287,-0.2844059463960581,0.6175183355025687,-0.30146099584566755,0.17895335467634568,0.02848872290522859,0.31693879106809125,0.9664533105853654,-0.8787282915793316,0.1492910358982994,0.7255578186655604,-0.037344426129412064,-0.8429457892015353,0.1210947266917842,-0.33562167878040844,-0.6925673279208667,0.6923248464117742,0.011937257478312273,0.8011618206157893,0.5189504226777265,0.29234322063317264,-1.0337215886849291,-0.1447323688507894,-0.6279497416866433,0.7136524582857049,-0.829269290795657,-0.6147085238929725,-0.0985908413896627,-0.5771041199784186,-0.6739442662277693,0.15521669662616272,-0.8007986175379359,-0.8430971164562109,-0.21999138202680663,0.46808842009308843,0.12876282351545174,-0.14597854653984763,0.13240869971625352,-0.2699753761626745,0.8721503713284513,-0.8901902181784513,0.3467867445446971,0.782943389215395,0.6060938993577086,-0.6315777377158676,-0.41482855543818464,0.41071432892421567,-0.8591571818029577,0.612456616587301,0.46541302819250063,0.5169959306090409,-0.773528773421663,0.3705847637879395,0.21272731867701408,0.5007224641253861,-1.0346834810091108,-1.0476640832332498,-0.2978703060756709,-0.6744655460379333,0.19588150375501048,0.9150563327523671,-0.1583423631935298,0.7290688190674026,-0.9783683818431904,-0.6554492874711525,-0.938568160615682,-0.3441638479384994,0.8164600281600805,-0.806095881452604,0.21282178812431113,-0.09619706443631704,0.8754445159725053,-0.7470607463074028,-0.5561275806450235,-0.9101667424620198,-0.0834013627756147,-0.38047926558349116,0.817686498659454,0.2920859498761678,0.27022527532745294,0.017357919534299535,-0.9202371420134966,-0.1918265391425199,0.9412045931250622,0.6227966611609699,0.7831735221846292,0.7129625094906566,-0.6897610468737988,-0.4488329160248395,-0.9279237324705867,-0.3550155721506997,-0.7672125822121845,-0.05175905554989635,0.3536000462784855,0.7486716447188587,0.4983666696679345,0.8771671105761676,-0.8921287420915048,-0.9747249388261638,0.32194590934886175,-0.41167561718238543,-0.46212855462031555,-0.2822360395185845,-0.3651478465219204,0.1365751246826854,-0.01275412684825369,0.09663175244730327,0.37110793310712775,-0.2518831145851357,-0.5329456304415953,-0.6617259502044062,-0.29142469271936744,0.4725480469557643,0.5213304775660587,0.3962943418258785,-0.42926032129629904,0.26992639447749417,0.19818380809694153,-0.003318434324054492,0.10561015013060587,-0.018848912753602592,0.12932157703847572,0.4308129064039366,-0.780785226556521,0.49925150429804743,-0.728098290662549,-0.8658430728025064,0.952057419382808,0.9215310406961561,-0.8501314008458041,-0.05277642319778004,-0.5237508973608174,0.0861072321645393,0.7511707889337271,0.941563586516525,0.2683142237870569,-0.29812136152548063,0.23393189280576,-0.31257400558217907,0.8629277327719203,0.739227861923847,0.12688683528432168,-0.2949441599121424,-0.32191255781036954,-0.8556554478801948,0.6687449943138002,-0.08886712252732874,-0.3518697723096465,-0.06218767028476801,0.6361722401494646,-0.7509672390038549,0.7153007669481398,0.7950125653136293,0.8934447840958777,-0.20431065957635774,-0.5652452581461521,-0.24842101175785536,-0.3122708002906023,-0.5877414871188151,0.3088914355543235,0.053525786259409854,0.7980777995917854,-0.9013546529635627,0.2977805650506013,0.5369971744743006,0.568057045838935,0.839798164340861,0.4899953545851086,0.8668159713190322,-0.30770910263624074,0.05394332652279855,-0.9089153838205676,-0.93907639020235,-0.5052756356826437,-0.7969596989540593,-0.48272972283283866,-0.6496502363115806,-0.9438338982343748,0.8184124051094228,-0.9835537214864761,0.4721593432993128,-0.6957020502988235,0.8248889835679183,0.7857731514019547,0.3098775596599123,0.3583717186074974,-0.9440395472779203,1.0453220254998354,0.8390741237042239,0.8465749500247195,0.3604821612665615,-0.26748378255092986,0.832373963740158,-0.3631436245737369,0.16608254232673042,-0.7923593989967883,0.8549093878738043,-0.7050916216062911,-0.5329128213959847,0.13920452483406615,0.5439137898332767,0.24343161779658157,-0.5351237009945795,-0.9996815366753264,0.5122804488773401,0.9697694037894202,0.6198433094480363,-0.07958673463616854,0.8075345227982131,-0.18030465376329996,0.0501008576725544,-0.04468030091924729,-0.10291495592994038,0.557297123290434,0.07741468050846703,-0.31640609432240546,-0.4141921488442437,-0.8553621075109796,0.23930531560608842,-0.4569890763608638,-0.6290642204691659,0.35787487396537926,0.3817380612056843,0.5016797009903122,0.006278229601588837,0.7797072178928207,0.8676284951119987,0.6192807706650796,0.27859639961665017,-0.3881540630887115,0.9680053597253814,-0.4505377640646805,-0.5944372029911454,-0.1157231006247845,-0.8863217350591921,0.9569889293435816,0.17686711283284962,0.1139041833283505,0.31166254946797517,-0.005338678917498312,-0.9338179036824107,0.22727681084975374,0.43933445093701623,-0.14930941599169797,0.5421004184346832,-0.501946501488139,-0.4826727002551102,-0.5756657505979748,-0.160343753379377,0.7501132264731577,0.6680623222575442,-0.23663405337822863,0.17879451369139068,0.44147725446336483,-0.5126038940547932,-0.6492918720829367,0.9588375653760312,0.2431005646378554,0.9655953872476546,-0.3234845252822045,0.4061241368777448,-0.5549540093914946,-0.477611225670997,0.023804242539247955,-0.36076374898385755,-0.6647568723188311,-0.47423658296061655,-0.9284786442746689,0.4090711955807508,-0.014818555423433643,-0.8101357667011386,-0.6545029445262296,-0.7912630371713514,0.23872938073930383,-0.7673047221186147,0.5914734903493823,-0.8624353695774332,-0.442747747302513,0.7980534099980826,0.45061577067211334,-0.8380492334519034,0.6613565183298223,0.011730352207592719,0.7209772367208098,0.22215757589377727,0.37450963487910244,0.9901657843328111,-0.5348226528434792,0.24797414033477705,-0.07936680775061232,-0.9211076755013805,-0.9710587169942699,-0.7615428443642827,0.29818348107709625,0.1343261758267844,0.10686347995979521,-0.9361462449958442,-0.06108014232403509,0.8493470424291756,-0.20497523405743845,0.2508144766032555,0.5646074121922082,0.5845067492081387,0.07166435618175387,0.7543743873425033,-0.19243503728436814,0.7868532493609232,-0.510400397578409,-0.42697684994251506,-0.8845358040059784,0.6013231412557726,-0.1538111510778571,-0.5329749369796538,-0.5326242052061354,0.8033347690043082,0.6678878908402862,0.1070695561344929,0.23222238502157647,-0.05134885889941798,-0.21666691424238227,0.830953762436663,-0.7487745929593959,-0.1631064205675441,-0.3108761840242493,-0.0036927609816058116,-0.08472110193573133,0.03779226171929029,-0.7201649660268034,0.02629332726875647,-0.515140036537894,-0.6305370140351846,-0.8691928438997865,0.5262788533950011,-0.14493907080005478,0.25276497571684436,0.4548460030286296,0.35902559079114554,-0.0586850022140485,-0.22360740175650584,-0.2475803541884876,0.280435738989889,-0.010302943605043965,0.6981080975464735,0.7493582305327089,-0.6588792439869631,-0.7275326969085487,0.260801852071999,-0.39754850387544116
-0.9628585624698023,0.7772853387259102,-0.5461984655123835,0.8585613033716182,0.4348689017565073,0.5253069798229686,-0.5970770084136792,-0.5316111487663742,0.04253550764813152,-0.6558002947002757,-0.38913661463393545,-0.35707504410439106,-0.680741292840604,-0.5896236661746376,0.5771183793263465,-0.6656076786008873,-0.943085216312155,0.25870988525787686,0.9519662387848999,-0.33757237075375723,-0.7626885936074954,0.14077465073506157,0.8127084221912924,0.5681235596569576,0.245031736825432,-0.36988700678480124,0.08376034655243991,-0.8175103173914893,0.3578908485613399,0.4501920377953017,0.9300632458198377,-0.4792052825098567,-0.9630897458036807,0.0912005747938597,0.4130371797501765,0.5796379508396954,-0.6135009214764172,-0.478500612945731,0.020445415878289103,-0.34495947131673155,0.7147199586551078,-0.058559123137795197,0.5938004084056744,0.1564944287488773,0.5427871503570388,-0.33755513122378994,0.6605795019565476,-0.452721154587133,0.09087540582021746,-0.5725375923784694,-0.049275461742748876,-0.3637887129671293,-0.4665931387255715,0.933970036056075,-0.6798517890265388,0.5746516749147905,0.9683299189664298,-0.9601970325198443,0.39805024852846826,-0.49417940647970593,-0.919115153586448,-0.1943118728510891,0.8690558161082977,-0.9799503648202476,0.17030151959855905,-0.006355580115033756,0.7312435709396383,-0.855091262762318,0.32750453433755317,0.30812424632473645,0.27633881438823477,0.824873753115366,0.5950602327069184,-0.9588720520044961,-0.09966062008604565,-0.24063767576857936,-0.40124694755914736,-0.10860960583335218,-0.236349927367951,-0.1363617511138963,0.9582536616246055,-0.8228080087444541,0.8444617396774596,-0.0395265730579466,0.24748449099908232,0.6603659332353877,-0.2790878233805061,-0.13923276771904008,-0.181000477882102,-0.25001350869790884,0.8515479975033187,0.659561329308437,-0.7760119981049344,-0.7711608311041672,-0.13185403398565923,-0.7916914748983478,0.23315599931656664,-0.7418807516986696,-0.0015942456721434839,-1.0380956392124978,-0.42955900000807185,0.2765129274165941,-0.11154862398755458,0.8921161410113054,0.7104501921502742,-0.30029410942906865,-0.9159540630017089,0.6888102761528954,0.820924722535631,0.6409770870210486,-0.7441008107492004,0.9958302688245755,-0.48283155689445234,0.4484098446313147,0.8160954571777057,-0.5285709860037366,0.817380039342384,-0.37427232240441555,0.9683819495260939,-0.4021772213530525,0.970402907221766,-0.8026076877104076,0.5234711004091037,0.17040765396158442,0.044212367284798264,-0.49178832973433934,0.4410476542301455,-0.6220065281136048,0.07110898661792299,-0.5554933967744644,0.85472589603386,-0.9624871933254504,-0.5967455350057418,-0.5136990623754368,-0.17300915570415326,-0.540801199640713,-0.02303054107977431,0.7433613367130475,0.4240990729496407,0.15994053259465973,-0.8219936440346407,0.3879842167785512,-0.6671157307905283,0.5737602644418353,-0.49312713491776494,-0.14031766730442868,-0.2416181653512402,0.8219438045357556,-0.5961823304442875,0.316951954480557,-0.5233997660410858,0.5841661071404617,0.965622688354265,0.01958543131548457,0.10267973951221261,0.9339258455682022,0.0948029701432449,0.012613778626588842,0.18737639554357263,0.43967035477261524,-0.69912320618992,0.700235559423345,-0.10717005893133426,-0.8593533387970744,0.559038572933499,-0.25221269977769223,-0.8001834408332343,0.26757718593507646,0.7602627068672834,0.775509773904097,0.9150486720618167,0.7378354839551725,-0.978132695966677,-0.1919690311416558,0.7278356099441203,-0.12933043458623913,0.37044505809262596,0.3807310784401202,-0.12458767132380014,0.9186085301106426,0.10171403491818741,0.008113204016928399,1.0302412349415733,-0.008176108929400393,-0.645106176042766,0.043989641734024545,0.6711935664313335,0.6469544689584449,0.7168205610254256,0.5279872893795098,-0.4466702869969772,0.7208569224180954,0.7679737580821788,-0.6229135839317037,-0.7420579686704232,0.9509661451181852,0.73663437393377,0.7863296585614453,0.7718607803433937,0.08620735333390743,0.31525111426930474,0.14195313330601436,-0.8155116025255598,0.5808800912589386,0.08513474179908898,0.31857630420705957,-0.017442013847215842,-0.07373678831066072,-0.7105825522975794,-0.5102920753372306,-0.7801765970641596,-0.7203164675974488,0.8489972505647878,-0.7247172259033906,-0.441620273160805,0.2602950377549389,0.3763340143735529,-0.5442320160878729,0.6533836037295263,0.5676788970268258,-0.5474957755531031,-0.43516163829106935,0.8726853766140206,0.6513251000891491,0.39554145473687113,-0.8360843771477835,-0.16539657866026455,0.12048966724225346,-0.6054014493365717,-0.07063175229189794,0.23462076483709152,-0.3526137547117778,0.4802784093374681,0.5257779537831334,-0.5441496769703388,0.4808479800425728,-0.9573542001705878,0.51116499188708,-0.8325269308062999,-0.9188899996295355,0.24330731065044495,-0.046036097237858606,0.8336658786796605,-0.20117096507325596,-0.2783636759986467,0.14045901572869118,-0.022449716023633055,-0.31506447379872227,0.36604117892524846,0.5071560838956101,0.7034346279107045,0.9458835416146589,-0.46669691294223486,0.4314815594001594,-0.21466014906037517,0.35214275062638145,-0.03881126890589837,0.9947803162924592,0.4351504654971311,0.8090683784094355,0.4770310184697643,0.5359846047177639,0.3600054765706599,-0.29507894600761075,-0.6766401610736162,-0.42255124755866363,-1.0341643254875115,0.07196951576207715,0.10094712836212995,0.15039632987893484,1.0038500253725329,0.8862462935617842,-0.5630131937700142,-0.16703577299084965,-0.10849578675821464,-0.28311572700524196,0.5815710904800642,0.04122995842509209,0.1431911662263481,0.7059749034034217,0.6118546897384953,-0.736436984439557,0.4245607994104639,-0.13270786664683074,-0.41309051654223866,-0.9164640681922315,-0.08993179638698336,-0.44446047367731206,-0.7407734785960026,0.10073330099845597,0.29358786034214934,-0.6862427723595572,-1.035344175981015,0.6105675017477401,-0.951271994837798,1.0011887251818332,0.43134494796938644,-0.19420248324948156,-0.4234935135482575,-0.9392426014884949,-0.4801253291578689,-0.6862494665743571,0.22932507147994377,-0.6774754721178087,0.05003718475543018,0.18003619368505444,-0.4037551047515523,-0.9298072303451558,-0.9254873284381754,-0.9481121215029223,0.4753756997989804,-0.367747693230614,0.5847092979977732,-0.17079040707019136,-0.19188200057395416,-0.1642638821019749,0.16626275855011768,-0.7169835463640553,-0.9483523263395456,-0.007294726918528104,-0.38926878879344007,-0.08532153703942812,0.4077447866030959,0.16483821416958971,0.41770368182371187,0.22381263602824464,0.4965110937486809,0.3578324451089961,0.018884309709011945,0.31758874806083426,0.6925769515807219,-0.17599694271500085,-0.18521898436481257,0.5295777022748941,0.16557661313238625,-0.8579761359443584,0.7842301224147061,-0.9389848903472272,0.49469041634648014,0.5134439058055131,0.8950979092129331,-0.9386346043661432,0.07622612512549508,-0.3432480059096118,-0.5724427447184534,-1.0452904034924055,-0.059746750447710884,-0.12948541919663364,-0.7729387062538547,0.3154327841611389,0.6080924260250328,0.649477288389706,0.9113382962349365,-0.13233515763385995,0.8077081662418142,0.55894198692433,-0.5490709947969478,-0.7928892430237494,-0.24024544396596992,-0.2730417505298445,0.12573956464940336,0.16552929168879396,0.5004248925599548,0.01976620586325231,-0.7903556492639697,0.7162629068903147,-0.38144079632823885,0.9401631629963754,-0.7735234276450931,0.8678311976410236,-0.9277057364678398,-0.7105140533771367,-1.101424854579408,0.1759550715724165,0.47342114622048015,-0.2392699265636256,0.8716386686574121,0.26871508835992236,0.3338404851605077,0.734590859983567,-0.32478794580742987,-0.27018138604843694,0.669005616347661,0.5785984153166664,0.7629156386966249,0.6487566881770316,-0.8941388181534314,0.5369739504457202,-0.2250849984239085,0.9771808058910882,-0.05503902175180439,0.10785216836172341,0.059549857718423714,-0.3566529849144229,-0.8504271141650703,0.7910931786937948,0.6039256438897178,-0.7500133724186796,0.48113788915916494,0.12552097598325007,-0.34749654000008606,-0.739808669671084,0.4512425895610036,0.24584601608568737,0.08673296814764994,0.2739783535587051,-0.7766462974601069,0.007464229998388005,-0.4928640061669888,-0.5111842609928035,0.2514881689066882,0.6555214262511813,-0.36114508171555465,-0.728456703758004,0.14404535922768705,0.6190989817324318,0.4410727012934379,0.7303320567186082,0.07427312654584793,0.5037752587169139,-0.7198712212726852,-0.3033547794208786,-0.22088052376312298,0.026882665736840616,0.8709328567253585,0.7581461217380572,-0.742612332649815,-0.7309612573101717,-0.4426150739058492,-0.6778493832842033,-0.05047214492620951,0.6485899412853433,0.9025614318662164,0.3322131475642351,0.6989070285014848,0.11894882646588653,-0.4521784189439534,0.15706715772230287,0.11929538017878714,0.39104842216065067,-0.6829114814726984,-0.3793279637993024,-0.4047411546777772,0.8073671074664068,-0.15764326319414948,0.5064276611933888,0.5048741841568966,-0.46862149686304755,0.14373738503870012,0.788660819875974,-0.04819758031607633,0.9017641456606565,-0.5348756536668875,-0.7944599292922901,0.8207242195582409,0.646413693156217,0.8326519431738139,0.12110183017790492,0.6545010320746376,0.57501163891297,0.7187541637209764,0.18629933725095646,-0.19420685103492497,0.9450310146615934,-0.016300229113644368,0.17363442515093527,-0.09014323646781043,0.06335615200949749,-0.14077681627456046,-0.9733314794020436,0.6682834898268665,-0.18208598956622188,0.1570881092933952,-0.712085393667407,-0.9877757859832491,-0.5087497570204509,0.4091720642667005,-0.8015907790847349,0.8203333364199228,-0.546601790429956,-0.5207153173202603,-0.5357535762369009,-0.9043495583854918,0.49748697276301507,0.6075100048350971,0.04899255935884133,-0.7310893404110544,-0.4172299197398256,0.020200913728851286,0.9643084090621628,-0.44767203262841304,0.5533865096810658,-0.04355920377305046,-0.40347927575781806,-0.14036107767837316,-0.9079768789646747,0.5667203580221623,-0.53437401748984,0.41018662603851297,-0.8766190744081248,0.9222923012837623,-0.5948223862008778,0.770407231329823,0.619189552891276,0.9356196585492649,-0.044214294494689575,0.45823203288925074,-0.2210390051272989,-0.5262202284583624,0.027879799627614887,-0.5751562657404843,0.9345039471598475,-0.9076907266261954,0.06771752986353577,0.19900224409043243,0.07703986038419272,0.32969351675325215,-0.7787688488344524,0.11910579142902832,-0.3798153417046641,0.8718515872906524,0.4135734203268443,0.8473195180567896,-0.9339669346187714,-0.39845679686373364,-0.5715967115842727,-0.9443271675931838,-0.46972856606285823,0.39702704274530626,-0.5165136808433048,0.02205290003095949,0.7759819772161684,0.3875157078317657,-0.21073798616480927,-0.2500073242199919,-0.041061028260027985,-0.5204908130035797,0.4354618892032152,-0.13437592247920693,0.746310773165426,0.5103440019650872,0.21315762433281246,-0.28648545187342894,-0.6316631001764695,0.42250315766155855,-0.17189896812305364,-0.6263747606055888,-0.6275005645849918,-0.7314185245246243,0.4350977074076687,-0.5868796214423986,0.09293741720520526,-0.024813651097062267,0.24140131159824685,0.8378662797253804,0.8103003262002437,-0.048132830722530516,-0.9481265088316473,-0.1431070740741843,0.21265800893748912,0.11552951819612356,0.3026944578363638,-0.6867607341005639,0.339334606492312,-0.5092714675092872,0.6775959396861801,-0.1355944059512784,0.5638064158551648,-0.7813693467983636,-0.0827878345165315,0.41955304164179985,-0.655515554972609,0.3527063770180593,0.022159922645732924,0.04250735207208185,-0.3449569641398979,-0.0897951453195382,0.14195697572690202,-0.04278153623531233,0.4603848054362081,-0.03809134842804375,-0.4889104768263217,-0.4685450181006937,-0.9130153851838388,-0.3552484682292301,0.509401464472897,0.5898142424792474,-0.5950654678968865,0.9180878125583694,0.004899718724289493,0.8372814497132662,0.44471896771043473,0.53367305397912,-0.6800800452028218,-0.36474828691151406,-0.7813382176182557,0.6219980676065622,-0.15290323406994902,0.6192889288613238,-0.4228586419592258,0.4526055035005999,-0.8858496850896844,-0.6966102660006869,-0.3051759449644156,-0.17559566037216498,-0.2916139334970756,0.572764142684992,-0.7324641317361588,-0.2189391648197732,0.7610497214359668,-0.7921286275372603,0.9312475452652036,0.9934460759068173,-0.8182446003623848,-0.41712526066195255,-0.2551991116183921,0.5527825617830197,0.1918539422144513,0.29020241238525707,0.5295479387448428,-0.7199646989771791,0.7493705211758287,0.5457595351499012,0.31816824166856994,0.9360381564358173,0.5355678446745166,-0.5212926497736454,-0.1471827457702462,-0.031448045686384554,-0.8401738952152806,1.0133009475320565,-0.6492296842135117,0.4336816054060439,0.03335113799951736,-0.9122450574392019,0.8826525695777452,0.7438397677806533,0.09523465281702151,-0.5079425966699342,-0.7372931294341453,-0.26578323030545653,-0.48736869243296327,0.013473777837777718,0.9328177731285123,0.1499069864592828,0.7798621117801958,0.30214902582536,-0.04493110068693958,0.7240678005029167,-0.025503593958145082,0.7922219220855776,-0.34589853671993853,-0.6769780139378788,0.7437595277627939,0.15512199084038836,0.7401918247865181,0.8840845143527009,-0.8031543891553677,0.10972990459842615,-0.19113479614594708,0.23871578420141235,0.5656272901512548,-0.44452133042114067,0.1088542982843903,0.4215903091048796,-0.7206691713255429,0.6353008429855049,0.2154281323457784,0.8997521318570466,-0.32095769929343504,-0.7836652076254859,0.013002402073850616,-0.8283784565811223,0.9390530466480136,-0.922409090724984,0.5080088246612138,0.05327261076228792,-0.2552079658214202,-0.858124007819084,0.24733314012248606,0.16075196264515385,-0.4705399517870417,0.7570400759223515,-0.43943097936079967,-0.10025837674895555,0.13391066158069925,-0.7594818564741697,0.8405720598110182,-0.3119535059342415,-0.894852530310367,-0.26296071600776183,0.16956811273735686,0.008515634190719067,0.38203456202698366,-0.8907760510326167,-0.4317652262297624,0.6385048442692625,-0.8401397627943571,0.7109765683487504,-0.8162078158457875,0.6689084297833925,-0.27842319784254665,0.2244414726134113,-0.6943417744471758,-0.8677498682947038,-0.5687890524881695,-0.7488871574481691,-0.39526437417648397,-0.018212761925033277,0.09251330451017649,0.466981007975213,0.2127507800806464,0.16072680062914296,-0.20141034188336288,-0.08516858225040047,-0.24485963090369847,0.5926576732090567,-0.6105270080265209,-1.0343806718210875,0.2670708407604952,-0.6159952418041887,0.770759107452855,0.7147035491016381,-0.8474347047851106,-0.7874398268268068,-0.009676062266455718,0.2184492175995115,-0.4501833250355185,0.4335954333987413,0.18983204183774305,-0.3503517805028906,-0.9492569587484583,0.5001185420235778,-0.5710837155084892,0.6655391910589411,-0.1684125039647723,0.1341086449981134,0.710844513138693,0.6854826270919373,-0.287755656205422,-0.5999907684079869,0.534468807955118,-0.15620021276532164,-0.649239245080678,0.7720452361811344,-0.6241207680467673,-0.9573917089697322,-0.9690949963246549,0.2367033590182131,0.3203747685706065,-0.378504912265966,-0.3600332159291444,-0.32101298769791314,0.3603163679687583,-0.8837324179463428,0.8582327053826513,-0.5549579116451071,0.9993464104841845,-0.656954612425626,0.543092914624755,-0.5531850485300437,-0.8383649328088814,0.7496174450712225,0.7168587892684163,-0.19396012054770553,0.40302378967350067,0.11194667600476961,0.7047324518372533,-0.3705470677694528,0.04602327170245498,-0.03244997053507667,-0.2971023165610158,0.7784530178746729,-0.6703775579509267,-0.701581288832902,0.15337348728280903,0.31476255982911977,-0.6108369970797011,-0.2185567792484471,0.8931383525974289,-0.506765154618652,0.33672140423478814,0.4802987873951816,-0.10374260106968092
0.875051973519166,0.473313470437581,-0.0841508402782043,0.13867040355218796,0.38522688685020134,0.18438036085843645,0.7573951676521518,-0.28622267543919766,-0.40022851988839014,-0.5723222210094714,-0.9244340638708097,-0.9139720712398893,0.7401130820177486,0.3568338464781225,0.32111118023949753,0.22928756909337727,0.6984382893882097,-0.039466148668745094,0.7408216571166006,-0.28110994763552166,0.8534150086781811,0.3973139601624802,-0.48564572795114547,0.12816984337725024,0.06606112297651112,-0.7242023565393321,0.18248581150122822,-0.3704287525660841,-0.8953024663807951,0.8973123154131297,0.2829807381285756,0.753837863741694,0.352112008626796,-0.2860228624132534,0.025799456386981723,0.3524483042713978,0.9207237119237991,-0.49240303386697676,0.7502573327544243,0.8489940527234362,0.3435019432565166,0.8645593765447572,-0.20199112412439404,0.9085400897663676,0.40909994295079766,-0.9123246450991701,0.8158781308484522,-0.029197390882617646,-0.07778756747410753,0.13383894631149837,-0.7007219556295271,-0.06162841660293964,0.6622544334354914,-0.9690350817249693,-0.4541656793512574,-0.9950908271123116,-0.16857738170030334,0.4566310209874693,0.5975434563319992,0.8903856233087792,0.21704535804003136,-0.49063191358273756,0.8495428281668987,0.5532662640289776,0.15117736459047837,0.39427251802645236,0.8532203041779044,0.432295044684878,-0.2471208256325555,0.4537140720890517,-0.8824416384168597,-0.19034688065553332,-0.14999869626074244,-0.6270884852128437,-0.920096095167542,-0.7115421796585396,0.31978814983982257,0.6110779575757146,0.9805617585920492,-0.3058370279430389,0.19946111684354967,0.8745695580426538,-0.6659164373236948,0.43529117268548534,0.5099574662983264,-0.8220489282613233,0.7225016545541397,0.6262555184885498,-0.933153064293967,-0.8169692615635461,-0.8995006286486844,-0.3257274607000208,0.024610825916555626,0.07319703497981443,-0.4513237896950145,0.8462520681032296,-0.21661343536071642,-0.8345527866565459,-0.3116796294477053,0.1565806233509626,-0.08825006267692576,-0.35789259671695256,-0.6632382096346263,0.682960874603017,1.0180221320440381,-0.32623617167379376,-0.22917147329218424,0.2384248784494462,0.43806388850324796,-0.2155725657808726,0.8098666900943817,0.12000797845783673,-0.09921984718813803,0.29336014977248054,0.9056196071075143,0.589193344698214,-0.9199886182998602,-0.3340749542210317,-0.05574873602827231,-0.3629198033302126,0.41286434222060947,0.6689150564427274,0.48832761070643976,1.0277245713703402,-0.36247126644034716,0.8769708680759187,0.6847495889375863,-0.09786519742685285,0.6582876004083469,-0.6087320987291638,0.7341946409642918,0.1907174303959901,-0.3300031888752376,0.35238652832042777,0.2909062367961919,-0.5824300616307441,-0.9397381186668321,-0.13324940775015395,0.13912950907757568,0.7532593808941602,0.8564335912951888,0.0576104363135328,0.5076593785639247,-0.12134971016546832,0.4914601788114123,-0.5911606109045089,-0.25674406147982237,0.27809023123325016,-0.94423057909677,0.4646220441748219,0.7051443936044143,-0.1211464431840289,0.037301027274175065,0.8939091045158989,0.7853508642442611,-0.14466822603637083,-0.06313624342388942,0.6041720251323378,0.3395703197059828,-0.47013147239598607,-0.22411970235329545,0.8709733013779316,0.38516082785373734,0.9561312781497623,0.5236946154496164,0.88272152102837,-0.5664846060510238,0.5429892257158981,-0.9595649597044051,0.34152208847654264,-0.06224481672674044,-0.3080272364442024,0.7200052017647475,0.6995587097257354,-0.9605040789892632,0.22266812417717136,-0.25996928380867806,-0.17606974562039704,0.6660989753452541,-0.31574278828677393,1.0117605608095508,-0.46349185451446767,0.5290664713591713,0.5696335482157022,-0.28097997418770126,-0.17659254395895577,0.8375422272566071,0.7300976011947637,-0.14909418164335206,0.17967208809559815,-0.8393480043717686,-0.5878003620334031,-0.03400793649052578,-0.8225346749679727,0.6894359464587152,0.4363528049499753,0.8872672362867039,0.38701336545752607,0.8779518192773725,0.101805822734481,0.1832595186173816,0.9247101487173678,0.2583219194421148,-0.9602598079281961,0.3995340787941278,0.712338659588196,0.4718309342230993,0.1083439122547248,0.35770511991531234,1.0614112412855061,-0.6758589262463927,0.4760249856924167,-0.3418998536764829,0.3084851621784938,0.26823248962489826,-0.5522732909547667,-0.434010855222081,0.32363005201135425,-0.7224485744758018,-0.4736105223455522,0.6697964111859018,-0.3399924305852126,-0.020000538727591947,0.8826919573256455,-0.5457008612346161,-0.2208400174206606,0.2069402859905508,0.4949843346216785,0.7704862838346026,0.7839317439706129,0.5048871935944307,-0.6077145176524991,-1.0714157848217494,-0.4522585270195361,-0.9574873945160849,0.2700899076962667,0.30141823054772726,-0.8279287786939852,0.8118189633927754,-0.36553995171673714,-0.09971102999959276,0.2622218549299707,-0.1985427663452723,-0.07062207391722995,-0.8122432586702452,-0.20687248687553186,0.49401395217008254,0.807415731320745,-0.17839014413614657,-0.1540013635712831,0.40706289122496553,0.8857093391754562,-0.4658796282390349,-0.11982973189411317,0.5859127589570341,0.20432984458026499,-0.8101832650360552,0.20393170374321604,-0.6943955422358801,-0.09674092062685917,-0.1588569381513629,0.4157972159093696,-0.35122490041266774,-0.5475753540440333,-0.5082106460897953,0.8644465131302809,-0.4785764309491216,0.010940449444903215,-0.606738034262259,0.42168895987244454,-0.17311679463628024,-0.34929216135740915,-0.3295461701369643,0.6250439005930529,0.04734768995733992,0.4198619865587507,0.7956615060958371,0.8031861599303489,-0.3415054902869499,0.9051986701767875,-0.9502516529799789,-0.24701112382737328,0.7867879987288411,-0.46273323830717217,-0.4831512651188856,-0.4487006350811952,0.12781696294182424,-0.2992256490527699,0.1506284367249335,0.43536427155003127,0.15820675929893344,-0.5657206669111142,0.9858858837930163,-0.2678755889656109,-0.45514359387421227,-0.6368936414771492,0.1341936522375293,-0.9064337978064094,-0.8721760738936527,-0.5234808333183901,-0.5487000670892256,0.11140867399570076,0.5850383614837922,0.5300331895536515,-0.4645992280378227,-0.5044238261299542,0.9340841202262208,-0.9832795124566869,0.7594359785599593,-0.600982022928084,0.890870408055014,-0.32759795368304684,-0.15307996936732685,0.34576609318523377,0.040690409443846234,-0.5946606021146124,-0.2282137705261057,0.17962394230542064,-0.9419298256305144,-0.8060051623443445,0.13927018823392226,-0.4685025452123215,0.5951525665644292,-0.39473366978245955,-0.15559732205475868,-0.7506583226241267,-0.08726504647810947,-0.924331879769275,-1.0904694788745146,-0.9879734267891855,0.8893170983808312,-0.6865432659216748,0.43311913702651195,-0.8586489520578661,-0.7810855947112132,0.017852629062544933,-0.07028308919370967,0.9028372421783295,0.8862198940580609,0.5467603276658882,0.16616599100968615,-0.1754815761790507,-0.45847440522828264,0.6191261159541742,-0.11785039630964676,-0.030529405408544517,-0.41306348955471395,-0.6057160709825866,1.186138015906527,-0.08585930728617047,0.150293284645351,-0.6277142382170436,0.608000562645337,-1.1362029516605756,0.4327466961077668,-0.9117424049734023,0.6171664145057647,0.3858080032538624,-0.6577733190083146,0.16887531269220993,-0.3589169222051093,-0.6398554526797547,0.7197683670490439,-0.1928434993021145,-0.2029109526809301,-0.6601349233454448,-0.23630460298342693,0.7325659503152059,-0.3150695476062017,0.8005053927712934,0.6838172364160439,-1.0060924116642604,-0.9438362450256684,0.6148232056721206,-0.007341646390833413,-0.6400002899438929,-0.14635499431594176,0.46988955538343896,0.8252067597294986,-0.6413510113571943,-0.8920907018189237,0.5921377446719862,0.24758108079373894,-0.04103513895819635,0.37302410211079884,-0.19633504328112775,0.5366366650202861,-0.22291105033565833,-0.4959988433885768,0.46100925838659856,-0.1596400332194352,0.9630866663033439,-0.30106205557580273,0.843596987116788,0.8649713123092578,-0.5251677680031892,0.556303375088492,-0.2446270034014169,0.6099028313658225,-0.3912712981021382,0.20642578332029188,-0.14787746536852073,-0.36739275163137225,-0.348257344775165,0.061288445177011534,0.7129980566093257,0.37739117150368245,0.4055438462946636,-0.5994254078584336,-0.29229648732512203,-1.1439908310886642,0.4268311793904854,0.8388627160229116,-0.22457396301161175,-0.9711945296358647,-0.6413261387423067,0.3171445349853908,0.22631184134392512,0.57654712525277,-0.4922016339997848,0.5272531970037084,0.37600825698789375,-0.35447798451431023,0.08400236008930488,-0.7308030626337838,-0.1856213778234015,0.5758746449219766,-0.41218672892481334,0.43234089028115524,0.09291090544937466,-0.5549884098903581,0.2397980306763133,0.08396611594458615,-0.09260106408601564,-0.6864870357728851,-0.25136293229893314,-1.0602231188658637,-1.0184569425426584,-0.32332826907743456,-0.492991888351547,0.7764740078131043,-0.2868637674270248,0.5021836402838176,0.06376833686987507,0.41776325316874846,-0.47680056528950515,0.8850208695043703,0.06021948004500444,0.6626480361164304,-0.2698615035481984,-0.7994147204293743,0.34593435882338786,-0.9861574413448121,-0.08797891821976936,-0.7151643923941811,0.0932447734364824,0.806069003422526,-0.11264554999659922,0.668159199603489,0.052159329477463164,0.010461347894883802,0.868472750932876,0.7072362482859187,0.371700660836043,-0.6143927130626907,-0.033312517182823215,-0.5604244345139747,-0.07962079326221187,-0.02724416940736392,0.650301171809752,0.7851295873281194,-0.16129250652517976,-0.9513577614883082,0.7295941543165956,-0.6498166860347688,0.2438726701041545,-0.9500581991317376,-0.20091567216314052,0.9722392232786025,-0.7937632247295696,-0.12611544356121313,-0.3508777357807134,0.8248380512500746,0.7335142649133184,-0.5103377351003774,-0.7532489656251211,0.39432182970228136,-0.1927840272018854,0.4225545583155511,-0.9428742743610108,-0.8417994656050999,0.21811271150424436,-0.6335551845020819,0.7651816871289681,-0.7410591998397489,-0.44346371757474473,1.0523000695263907,-0.10523728201558022,0.4320506769355959,-0.6072926397410165,0.2398796994454168,0.46089869185318183,-0.36856448178485585,0.6580855969213871,0.20683473177041475,-0.22170194074005284,0.11632034734624679,0.16349922907126604,-0.6162398064778077,-0.08675429590988043,-0.17759774517082833,-0.05121000502640011,0.6894458647757777,0.1951938737663075,1.1493722210271744,-0.17504687720211345,-0.04556872219032069,0.5879079715738085,0.07151561239375169,0.142359732789086,-0.7405658537378317,-0.021123358140778654,-0.2706356817709184,1.1091951154714703,-0.32064652298334556,0.8177406964558267,0.39517561650224403,-0.2815553604280114,0.11030987241905715,0.6893044618353018,0.76725401927011,-0.6791728662151281,-0.32085364587412357,-0.32948957883409047,-0.9134624462472606,0.21224786467416598,0.7797399363797586,-0.08492157578438633,0.6837213831544455,0.49785208106563483,0.043181954739424155,-0.35883913142816587,0.7659147141289994,0.9658201622642694,0.5165019358862453,-0.8734003555932864,-0.45264660182130817,-0.6445551479308288,0.38691995670726015,0.6993406325308179,-0.6503567893839006,0.7339307830813654,0.16092664872613052,0.42836026980374453,0.9829906945548672,-0.7985878903452319,0.8225170503763187,-0.7404096599527779,-0.21304322732435954,0.702891835763062,0.8125084734757364,0.012890352837943935,0.19200168765686665,0.43699392565371126,0.7411630494907969,-0.5989207403402822,0.847948264302813,0.250919282218059,0.25712029414358534,0.2436131579243069,0.35414412382922267,1.1086752263171242,0.24920428855484392,1.0311885642868952,-0.44415850590529754,0.7109527489577345,0.8551259822035983,0.4823228818936438,0.2544933606095039,0.1364685981592792,0.7431303350517617,0.67352362680826,-0.7300906569395904,0.7189337640271902,-0.15831014352474418,-0.488517876717234,0.7401620240732294,-0.1359358243156795,0.6167297343272856,-0.4730566310115793,-0.9885487025868416,0.010217772268187857,-0.7374708178446152,0.6388995296963826,-0.2411417636819817,0.16746024751930472,-0.48798133873684607,-0.10148280415265341,0.7913557058833162,-0.5548013907787792,0.3951850632686969,0.9432619551571723,0.5431202273075382,0.8426657299767809,-0.6006561822794168,-0.4363425223904119,0.7608353903762198,0.3920080419626129,0.2660686321809862,0.33039539380178146,-0.16296200705396835,-0.9008964510514964,0.5741822551379239,0.3596881892983638,-0.0540811762098946,0.7995194767081824,-0.32768032711782685,-0.41134455989469887,0.7482146587971953,0.6058378744628663,0.06794419314304931,-0.6528769276374531,-0.42392935917343666,0.5176435457373375,-0.0024764310293310674,0.8352668321208373,0.9665954596118654,0.6363896729504903,-0.22343486108565822,0.6246271526354058,-0.17640604394692724,-0.5151033751772098,-0.8310876328622744,-0.24786624630520596,0.7296783564544677,-0.5941312880397494,-0.6306244550068931,0.918744077951866,-0.9545753761055786,0.571633616785393,-0.3562718702325382,-0.9239526697532827,0.8357649165881184,-0.7207148854792925,0.1035585674513908,-0.45189158514090444,-0.8685044744906615,-0.8951213927732158,-0.7523099249033108,-0.8202479759704396,0.5833687735125919,0.05321521325353865,-0.2373329979398093,-0.13398627882222017,0.8379018271017624,0.793275244868031,0.4130294150302643,0.7679482151123066,-0.30813569474223723,-0.17153962329772274,0.2397798265946889,0.1783184274764273,-0.13190627169845193,-0.2872930560319569,0.9074379969965161,0.6091704349102045,-0.14433393424201507,0.4488640360050613,-0.4618487347886139,-0.799370134566461,-0.2950200684116791,-0.1940543997532116,-0.9669257508786584,0.6295840032717921,-0.28126305159942966,0.16250540853978898,-0.8475988720691753,-0.648009851013873,0.770579197550175,0.18011679348352427,0.823582099464915,0.898126258205365,-0.3447885619735103,-0.4716966749330734,0.6440719151260877,0.9341990412014461,0.2400738787269022,0.570328728688167,0.5147287124748751,-0.36808379861547247,0.06089765414439754,0.5859964868636058,0.32297188044256336,-0.9831566735513908,-0.3375939487066601,-0.7153356562340337,-0.5341646933190941,0.811299784802625,-0.9261491783060236,-0.5603985760761525,-0.3808612955235371,0.23376814393278966,0.06820449989432552,-0.5634467291904359,-0.6719141822293782,-0.5344002180399903,-0.024364370479421225,-0.5216774678968523,0.7974567642394003,-0.18295866173499814,-0.974205498919488,0.38056234359283103,-0.41999376073380296,0.23335604018527115,-0.4902881016874923,0.0964859487414934,0.483463468915277,0.7917019590501091,-0.5272230496808866,-0.3626330781114906,-0.09041396444980833,0.8436915902095278,0.7982059415834629,-0.8219127508239669,-0.7364517056448064,-0.008924682323987302,-0.7866933417400711,-0.30883825330260506,-0.7032292435650447,0.2720807102637717,0.8989908634783235,0.993464264881506,-0.24997014001978243,0.19395573424904342,0.6951794254005278,-0.7988025624102788,0.33238543742944004,-0.2234965810190197,-0.616896002024821,-0.22248093228618487,-0.876944275793111,0.3636476231530452,-0.5125924571880413,-0.39056751339586004,-0.7737225646315249,0.7104367630955676,-0.027472676704544275,0.13483774945112037,0.13377879510337556,-0.1811871803500569,-0.6158461894147803,0.4899292742006527,-0.7458963667939738,-0.7922605617019575,0.42029007519300676,-0.5823259590960324,-0.38645449729433534,-0.04954506599651953,-0.1012973665409076,0.4171582501299984,0.24678840639884622,0.28823964525933066,0.4264803113207593,-0.416897821534686,-0.35705933103005805,-0.1254838366083434,-0.38692741119062696,0.96701230281211,0.6246429956715394,-0.6728563572201712,-0.9903197509684742,-0.9158125828733747,-0.514241669322775,-0.774098115417656,0.06473115784549376,0.7148183198777983,0.4726697609571923,-0.5692043838997782,-0.2018194568540967,0.015734101337630924,0.620411699006671,0.6782432062123296,0.8194366238155519,0.018490501005750337
0.3885494928717259,-0.7763992575321257,0.1305779199079642,-0.5026163810577298,-0.1365662299467778,0.26810101661343877,-0.4860281242924378,-0.8956298844064778,-0.979532287182485,-0.9556809289109569,-0.9833005249724607,-0.779289886884249,-0.5210218213707195,-0.5575386432362495,0.9736117581059075,-0.3879870158426921,-0.7451584332812018,0.09112508833551591,0.7159149107950167,0.35612075357535034,-0.4078358217290994,0.12323231958290992,0.4297119484008183,0.45620898473548466,0.3330769105953777,0.741620849551236,0.7402109166882087,0.15787311881400656,-0.14028726177757544,0.2831405911301996,0.6364240027409263,-0.9886957903176306,0.9839920559923735,-0.6342179688029554,-0.059514741491182334,0.7439653373203243,-0.5503056338621652,-0.04718336492332044,-0.7357458996517502,-0.21067871734507423,-0.6463232945315925,-0.27313913931349454,-0.2538948884233102,0.9844886703228899,0.9876854627134851,-0.7716316068585714,0.4508516932544427,-0.8969875165701345,-0.9401086835164063,-0.7894785446985659,0.9309256040925996,0.8817278316662982,-0.6121443594386391,-0.676655328892577,-0.518929826968106,0.031093988150284302,0.13940926407081977,-0.5568131391211053,0.5132373428350657,-0.38089201625098146,0.84418304126915,0.3133762831872136,-0.127471220692672,0.5788852115227262,0.6328429938410813,-0.42488814220938803,-0.3284615697489662,0.8634791724472743,-0.6797209774933389,-0.9260538624149481,-0.10970793464022885,0.5683646109959892,0.49525216368242947,0.7885132922103738,0.018357488423562045,-0.8378790493320613,0.15426458990195624,0.5467054938263978,-0.8161633881115199,-0.6550941343755311,-0.9754979515828335,0.18730289309554457,0.7734687838918088,0.341326632004199,0.9640801751819641,-0.8739326950004769,0.8059826546042052,0.6280605373925613,-0.37164272132662074,0.9469759176532743,-0.4249846599815869,0.774843227117937,0.7524295840889327,0.4985150262020313,0.10401929850322426,-0.791259003577262,0.024978808457337746,-0.3371401400190442,0.504804422233805,0.4009042521079484,0.6736921271299013,-1.1337590734473917,0.46022470347702665,0.7536569117260777,0.5094049050244873,-0.7692299829657897,-0.846255583077553,-0.9599220855199632,0.25732080474271407,0.25951861641505697,0.9738378236030814,-0.20391365179180854,-0.3361874302050065,0.2488687500433543,0.6512038304450491,0.8735072645430944,0.6062552311757463,-0.147410937224406,0.26678724841675827,0.7054801431208673,-0.032984290303406986,-0.5907007930566823,-0.6974651576349503,-1.046172100774651,0.39301436782018434,-0.8150378595692129,-0.5780166678984531,-0.5142359171950462,-0.036191418068633595,-0.35852713487570625,0.23605655061852693,-0.9498985083056857,-0.7839469816136803,-0.011356688583783069,-0.32349129942741506,-0.4040917019778822,-0.8634863636606274,0.7924800415749806,0.3841510745876925,-0.7567941180782654,-0.8699080845257188,0.949745066862486,0.36225408961269395,-0.16499597375023253,0.4040012419110937,0.5121658534345193,0.5582670103527607,-0.05079471890300191,-0.15555505503206982,-1.0074862264873181,0.8207617716879847,0.20168050215375613,-0.5445668571785723,0.9235273540198504,0.8781640971366036,0.950772073453203,0.6838459906000669,0.9692606634129778,-0.46581799008177044,0.7466281254843974,0.6800948754879593,-0.5118902129578107,-0.7797436704511096,0.9746605091598082,-0.3953217405231034,0.7484449944250695,-0.9894714127822472,-0.9579905411022079,-0.06825738260726322,-0.5225711560904451,0.3797226534867449,0.1320310031052965,-0.842102171810401,-0.669054570169131,-0.21287184238724285,-0.6196888205002812,0.583514655094567,-0.1710397180234186,-0.7806995013811047,0.07913153060793075,-0.6357298435832609,-0.5607541079987343,-0.4290987212680314,0.7119613766884298,0.8324074850304042,0.7308146647924658,-0.16034287696826408,-0.2901006849800476,0.18351951402426525,0.4974378823451815,1.037570452617677,-0.6866903569789556,-0.8595148438385605,0.40974997829195803,0.6696109440428957,0.6931667028082842,0.3569272557077371,0.9081840915215608,0.02219305796967849,0.8297061159335192,0.9441016165116471,0.7146235543312284,-0.33842536373508975,-0.5531248027270135,0.13714767358767443,-0.04380066124937562,0.8526176105175188,-0.6148956109813396,-0.2766578789075332,0.6442776279773078,-0.7415715822453908,-0.3308778487888499,-0.13873912957308449,0.44476318948431104,-0.40906845657615537,0.919673762357808,-0.012046034680559155,0.8850244002544447,0.0025321026226085594,-0.3727800443932448,-0.6541196400992381,-0.9616807177120134,0.07203879493776014,-0.7850699910910435,-0.21653745226275778,0.17886921460224448,-0.447033898228311,-0.6437237544813433,0.5633368243437292,0.9296993786097011,-0.7228506543355312,-0.595492661660299,0.9946009601832861,-0.8361894376442042,1.0823064949290722,-0.8166290979765367,0.8914557249372846,-0.29037417680369093,0.9401667298738188,-0.2630453173614046,0.48276681617656253,-0.5596955435248506,-0.20453323558219405,0.7495430282308155,0.14373638240793898,0.894601652901274,-0.07553455238605322,0.8193091893730192,-0.04333623454043494,0.9827219199289233,0.9260062669898983,-0.3411149206153645,0.7718565199235289,0.6958056366903661,-0.5757443037889659,0.2583487779421156,-0.8301908222341631,0.7237759600373411,-0.568002568145897,-0.785015831541815,-0.15640569146668884,0.2068142773671881,0.7856114289851132,1.0278915970988245,-0.06694082719792574,-0.823074985515503,0.5779855874852394,0.2614751467053013,0.08064307162572051,-0.11516589134512953,0.2696447372811678,-0.14721776822049368,0.5793190124994105,0.11766334404569352,0.8067697281376738,0.16035143040375965,-0.4731798376971776,0.7189874262186541,0.11941065524720201,-0.5855855802634937,0.24702803139745974,-0.28386441732365775,0.6927682485467581,-0.08180194072002184,0.4772716533388931,-0.7668003664727772,-0.1643952402851826,0.9655348872561972,0.5862930951522447,-0.6863638070571259,-0.42242336770143424,-0.32535971059447544,0.29208106897958264,0.5501839061145034,0.604435974155435,0.15480259927546033,0.7593738718664145,0.049583748334145736,-0.5796926951059181,0.24095926259290504,0.9406367388294044,0.6022917117490844,0.2025178810416877,0.3516452315955431,0.8983447465866782,-0.1311220670105682,-0.3337853116954373,0.9549225621374473,0.7269376711392317,-0.35318883940538354,-0.06802394423120944,-0.16134886346641567,-0.6857182936051968,0.9291149214737502,-0.20809962151561673,0.6733936074450413,-0.703391119298259,0.04776880667324398,-0.9587021045618274,0.5220916233885461,0.16245668626169296,0.33833154372393964,-0.7266907321475304,-0.4481575301034461,-0.7770668065243117,-0.36561388598610256,0.2891620790260045,0.16241129181417818,0.227122416242365,0.09902558987872943,-0.42615646315229466,-0.46994465132162655,-0.6992827745882151,0.7050475530532732,0.23446784816866606,-0.626894017270055,-0.6455501803283659,0.7466094932320427,0.48702825341111644,0.3225073451566834,-0.18522186222498224,-0.4918352729750235,0.8833018883194698,0.4649123468681615,-0.5267644072640361,0.6004676226897989,0.4818487131051967,-0.404192740371557,-0.10934770538656077,-0.49869409898501266,-0.6187919262590427,0.49948893317909937,-0.5077337052914968,0.520545166266158,0.8815135200880776,-0.9038577217690636,-0.10129882486294642,0.5666604239746716,0.5746239181751384,0.5416056259390322,-0.2888227023468788,-0.09004817297348006,0.1906675102056244,0.9479633053303598,-0.3449065553326276,0.8464041814915573,-0.46065979755972913,0.9776486898050093,0.3297326645724596,-0.11534652710346702,0.10426933682204463,-0.6305028698668873,-0.6477756622358035,-0.925604695949943,-0.8611188976250367,-0.342108458114038,0.5372669520184672,0.27059850122448215,-0.7807837560253307,0.5886015456972257,-0.023947844094090856,0.6334459265076879,0.1423431023500051,-0.7610181254007474,-0.13703482907441497,0.22122575678271808,-0.9709533535677479,-0.9663548487038095,-0.735963866998578,-0.49615011945666737,-0.1405623761167655,-0.02509747664741098,-0.7239248793390928,0.3467878721646865,0.19255409760778408,-0.41356675230263246,-0.9912137336887621,-0.9064335327676679,-0.3719726008649577,-0.9126744699290225,-0.5082633344156223,0.005495641482508785,-0.10501622769968359,-0.6797154768738214,-0.41665325464074365,0.1248777719381342,0.5646677291642913,0.2576369381178768,-0.23828097942760432,-0.6028672510796933,-0.4795506132514196,0.6270854417484918,-1.0181319569814582,0.8760041050585099,0.27156251661022834,0.3450585697994688,-0.9239349810487743,0.21001021165067602,-0.030501477859714153,-0.7884634380376678,-0.44414927222730505,0.7806273476704761,0.10025709329873699,-0.17613996118290717,-0.8735608708482293,0.3560921273008662,0.24029687671905775,-0.017086255295508036,-0.2742518196032269,-0.41724182287171746,-0.05483993274408567,-0.7298653637077592,0.7210806499447264,0.020524096994224816,-0.5535611322850635,-0.3569511787405314,0.2775252579369306,-0.9541847020697684,-0.5674848212535971,0.2926723188962991,-0.4271498303757431,0.4912357119661402,-0.8071765287567328,0.4943354109238716,-0.8678746426761171,-0.977822782661243,0.795970295519464,0.16256200050139125,-0.2963451235816187,-0.5347877419932183,0.23430149199607297,0.017779043127883077,0.9685586696268604,0.9042221154267731,0.12388654884674767,-0.33304557688881126,-0.26930937121484705,0.15663518354944136,-0.9351459288762156,-0.44080381889107506,-0.9267564751281083,-0.9694758855884501,-0.7604200206948258,-0.27271176569126976,0.2891299412204735,-0.23072390626417677,-0.4097024328637107,-0.8332747678310493,0.08790030641270458,-0.5118207261130477,0.17137393089010386,0.9239078317928766,-0.7867631219720318,-0.5814859960768557,-0.05459224835466748,0.9371967646715075,0.5436195525399912,0.7965378084259087,-0.33165362765299383,0.9862012662508637,-0.8003958678160011,-0.9226178245456543,0.6222463287216045,0.7195585963586202,-0.9639040119378292,-0.8676042021923327,-0.969905712057684,-0.8340004820966712,-0.6715363378032916,0.7655291831106268,0.14721128841513528,0.3475002945748694,0.361232541705409,-0.06393027081631565,0.5299594878175989,0.18799665276405894,-0.37123291015513615,0.09311735221458728,0.023777012880796092,0.6171586558519907,0.9509190496130712,-0.18546717685159667,0.5255218090489596,-0.80047895480794,0.553650117620124,-0.25706436741335464,-0.9199257175863025,-0.27115681196620356,0.22602674834294859,-0.746907373099801,0.8406706352227284,-0.8708648103309415,0.8146971632647031,0.3908543027433192,-0.35661189597103765,-0.28774733691296084,0.3068283532982855,-0.018504451985019158,0.17123626355327828,-0.3503319148268547,-0.1615788741452109,0.8212507994783976,-0.683763717691571,-0.2087014740698886,-0.42339990423699286,0.5073615444649622,0.489136365721849,-0.44756551944873724,-0.8524104868803224,-0.9840943755270412,-0.1463360515641832,-0.1793401897575986,0.9767806243452625,-0.06019855104620247,-0.4851528821776549,0.7847343859014086,-0.004011606386428696,0.24013453567384396,-0.7523206553339526,-0.17616764115013464,0.9260417835142385,0.22430957833926732,-0.3287038275695949,0.11114282084381955,0.5747865334949565,-0.6927219950976133,-0.1511679167015408,0.797444691726922,-0.8180228411612201,0.23087829497719115,0.0803910818863366,0.30744758546286327,-0.2972751301422205,-0.38856479380211195,0.3329751642913465,-0.5987513558714037,-0.17563366802218439,-0.6288839208645094,-0.984121033455095,0.9401110291531187,-0.1365940426871619,0.9388004941268566,-0.7169666136177091,0.1790234750695483,-0.5793010745808923,0.6344845408274796,0.6564318103916282,-0.6583794171781445,0.9359881880463453,-0.49937119525891377,0.24988544281351935,0.8288566889990043,0.5167454500016538,0.6836974284278657,-0.4515379848217178,-0.8885852516033631,-0.7664395478253118,-0.16829381615328104,0.4869025602607019,-0.7057219037210335,0.3386048376851858,-0.36474416600494175,-0.34889871749019,0.297021672793054,-0.07906223835420752,0.6198040833165052,-0.6886414054617909,0.5799104881164423,-0.8715303063491101,-0.6118854174806755,0.31405391034782426,0.7159038546410569,-0.47483331476712476,-0.28884723141202495,0.17587643614408494,-0.43671945189719547,0.7918289434678663,0.7436467402317761,-0.5481245540094228,-0.05241446688919785,0.4606325221535227,-0.3987099087968806,0.2612873798288683,-0.8764087479153081,0.19433620175129912,-0.7356999451707006,0.6546939080315283,-0.25594460964705046,-0.4131257522297132,0.6664326994804097,-0.9265171271101839,-0.2271985205738043,-0.2709784818061777,-0.4333649221613838,0.8234679769966042,0.5018810031382855,-0.872154449003076,0.4293767515571386,0.055854330008213375,0.8058057655870192,-0.3603573867641121,0.19130907406290668,0.0829302715865444,0.09887196435175878,0.0802614406761965,-0.36157336950025804,0.7880195963030002,0.17004434782821087,1.153185274338518,-0.2280771119136171,0.6160989881655324,1.0831884514644263,0.4438410856472211,0.8061659887877163,0.6996925963985462,-0.24186397489297348,0.20622484776093172,-0.7067861174127676,0.05136024871973962,-0.5517654880586136,0.4817345239953828,0.0552105617293698,-0.17747629763275183,-0.4623611010109531,0.9973969636825737,-0.8565789582301346,-0.912246748044712,-0.5636849945701062,0.9486931297499629,0.978676793051206,0.3515331990200868,0.8327144111282111,-0.4604110678109458,1.1051547260897445,-0.47408535761086845,-0.467886968024285,-0.37309437722826316,0.5675005799214191,0.9102722167303514,-0.03220496735956906,1.0766640099943803,-0.07477756998754653,-0.6799458387576472,-0.06386305765170484,0.3487122254994805,0.649263994810871,-0.09408857744127995,0.18177502315773927,-0.46668773330304675,0.29173233702315005,0.9719630573670518,-0.9018928548244123,0.7730613414103356,0.12456500553504557,-0.49582712877613394,0.9102079960225301,-0.03132607285143819,-0.331711769815891,-0.6267926178629414,-0.49185681059196906,0.6924798827111988,0.2603893695457585,0.882534264955947,-0.4139980258385588,-0.5520624822633105,-0.7651604307921477,0.16106171666397992,1.051873458543963,0.39358546419760315,-0.40004882111909057,0.7231239628870362,0.5415018013831505,-0.980487413456413,0.6259940242207576,-0.40374251147086815,-0.7022448807483928,-0.5477147585195815,-0.06298057805366018,-0.15026825812701008,-0.4222254012515465,-0.6555633555859346,0.5244615792843386,0.9801788085925359,0.5558040272483566,-0.4080134887551889,-0.5106429375272168,-0.5640706625991749,-0.7230159541083111,0.1052676444945044,0.20646028308203182,0.41139888793293966,0.3976082957438213,-0.33374788516421566,-0.2535889862979571,0.39094684940607427,-0.3073171825478238,-0.5989656139750491,-0.28428292448129094,-0.48400179765334944,-0.8384584166527528,0.6522243232679665,0.701905682654115,-0.5626760697480362,-0.8710824613848683,0.4775955692203484,-0.5769569021149453,-0.2131288737715892,-0.8717294955252335,-0.5474608304831297,0.5858045566592716,0.6087928938304037,-0.5858417270919828,-0.32850337703799204,-0.7319633807593927,-0.8516743630265894,0.9841980559277499,0.3094830833969046,0.07885885245564841,0.5324096486808453,0.7038966931343644,0.667842003147864,-0.9055072862056195,-0.5947854827506928,0.3217201274580319,-0.2480485408064665,0.9525153891491949,0.31899413647446534,0.9068673729087189,-0.6003765817703772,0.7269769832154255,-0.3576385876497583,0.9789186454689502,-0.6846275319028328,0.03267964300648185,0.5856890676742439,-0.13471503879192825,-0.0638318796247066,0.9727115910114821,-0.14938369939769336,0.20814420119812715,-0.8909208082145994,0.68441862824667,0.2963387413142027,-0.19184624077338489,-0.967245359563787,0.18441628825156517,-0.9711549431164338,-0.9930820884291114,0.23778291362007792,-0.6157625673685129,-0.6127048831350257,0.30905911111179096,-0.888717938562647,-0.36991404950821866,-0.6991341050478179,0.16112513760409394,0.32356871194302883,0.44215417347020686,-0.4897740268097691,-0.821528392919614,-0.8426326861162043,-0.14769690309855243,0.8916888181254301,-0.5645419315059508
